0.00000 0.05000 0.10000 0.15000 0.20000 0.25000 0.30000 0.35000 0.40000 0.45000 0.50000 0.55000 0.60000 0.65000 0.70000 0.75000 0.80000 0.85000 0.90000 0.95000 1.00000
93.38000 93.34000 93.41000 93.42000 93.37000 93.33000 93.32000 93.24000 93.09000 92.93000 92.78000 92.65000 92.52000 92.37000 92.14000 91.78000 91.74000 91.51000 91.23000 90.65000 90.62000
93.38000 93.38000 93.35000 93.40000 93.31000 93.46000 93.31000 93.19000 93.17000 92.97000 92.89000 92.78000 92.48000 92.32000 92.29000 92.22000 91.76000 91.49000 91.25000 91.06000 90.45000
93.38000 93.39000 93.41000 93.41000 93.32000 93.53000 93.39000 93.16000 93.04000 93.04000 93.06000 92.61000 92.54000 92.39000 92.13000 92.08000 91.66000 91.48000 91.10000 90.98000 90.78000
93.38000 93.33000 93.34000 93.44000 93.40000 93.31000 93.28000 93.12000 93.16000 93.03000 92.88000 92.63000 92.45000 92.41000 92.23000 92.03000 91.90000 91.47000 91.13000 90.92000 90.61000
93.38000 93.42000 93.42000 93.41000 93.46000 93.25000 93.43000 93.24000 93.07000 92.99000 92.94000 92.74000 92.56000 92.46000 92.24000 91.97000 91.59000 91.61000 91.10000 90.97000 90.81000
93.38000 93.33000 93.37000 93.43000 93.47000 93.36000 93.35000 93.22000 93.26000 93.08000 92.74000 92.73000 92.49000 92.45000 92.10000 92.01000 91.57000 91.47000 91.41000 91.01000 90.78000
93.38000 93.39000 93.48000 93.41000 93.50000 93.31000 93.32000 93.23000 93.24000 92.94000 92.90000 92.78000 92.47000 92.42000 92.25000 92.05000 91.75000 91.49000 91.19000 90.79000 90.70000
93.38000 93.35000 93.45000 93.37000 93.39000 93.34000 93.25000 93.30000 93.24000 93.14000 93.06000 92.64000 92.43000 92.25000 92.25000 91.77000 91.74000 91.43000 91.15000 90.85000 90.56000
93.38000 93.37000 93.40000 93.47000 93.47000 93.40000 93.30000 93.33000 93.12000 93.07000 92.76000 92.72000 92.54000 92.47000 92.05000 91.84000 91.74000 91.47000 91.33000 90.79000 90.70000
93.38000 93.42000 93.42000 93.48000 93.39000 93.36000 93.23000 93.24000 93.08000 93.09000 92.93000 92.65000 92.67000 92.55000 91.97000 92.12000 91.80000 91.32000 91.24000 90.98000 90.50000
93.38000 93.38000 93.41000 93.38000 93.40000 93.34000 93.28000 93.29000 93.23000 93.06000 92.87000 92.87000 92.50000 92.33000 92.14000 91.98000 91.55000 91.35000 91.15000 90.90000 90.51000
93.38000 93.37000 93.44000 93.50000 93.34000 93.32000 93.24000 93.18000 93.24000 93.08000 92.79000 92.76000 92.69000 92.36000 92.04000 91.98000 91.74000 91.47000 91.05000 90.94000 90.75000
93.38000 93.33000 93.39000 93.46000 93.46000 93.42000 93.31000 93.29000 93.02000 93.09000 92.75000 92.67000 92.47000 92.31000 92.04000 91.83000 91.82000 91.57000 91.12000 90.93000 90.56000
93.38000 93.42000 93.44000 93.35000 93.35000 93.29000 93.33000 93.26000 93.10000 93.16000 92.89000 92.85000 92.49000 92.40000 92.17000 91.76000 91.80000 91.32000 91.28000 91.05000 90.57000
93.38000 93.43000 93.35000 93.40000 93.43000 93.38000 93.15000 93.27000 93.22000 93.06000 92.87000 92.62000 92.69000 92.37000 92.13000 91.93000 91.89000 91.57000 91.23000 90.70000 90.90000
93.38000 93.31000 93.46000 93.51000 93.41000 93.35000 93.36000 93.18000 93.11000 92.92000 92.87000 93.08000 92.67000 92.47000 92.35000 91.92000 91.82000 91.55000 91.44000 91.02000 90.47000
93.38000 93.37000 93.37000 93.35000 93.40000 93.42000 93.36000 93.20000 93.18000 93.18000 92.71000 92.63000 92.59000 92.25000 92.33000 92.22000 91.90000 91.44000 91.18000 90.95000 90.72000
93.38000 93.31000 93.41000 93.44000 93.39000 93.30000 93.34000 93.25000 93.19000 93.19000 92.85000 92.61000 92.63000 92.22000 92.18000 92.08000 91.83000 91.53000 91.30000 90.89000 90.60000
93.38000 93.33000 93.49000 93.46000 93.35000 93.37000 93.46000 93.20000 93.24000 93.21000 92.76000 92.64000 92.71000 92.37000 91.97000 91.98000 91.71000 91.43000 91.23000 91.04000 90.63000
93.38000 93.35000 93.34000 93.41000 93.51000 93.35000 93.27000 93.21000 93.21000 93.12000 92.93000 92.78000 92.42000 92.32000 92.52000 92.01000 91.69000 91.52000 91.20000 91.03000 90.80000
