# epoch | tr.acc. | te.acc. | tr.loss | te.loss
0.00000 84.90667 85.87000 2.87253 2.82713
1.00000 87.77333 88.54000 2.40936 2.36487
2.00000 89.21667 89.73000 2.12323 2.08031
3.00000 89.87500 90.30000 1.90172 1.86086
4.00000 90.67167 90.78000 1.73950 1.69817
5.00000 91.20667 91.55000 1.60902 1.57091
6.00000 91.63000 91.80000 1.50733 1.47008
7.00000 91.89500 92.20000 1.42533 1.38866
8.00000 92.10333 92.41000 1.36148 1.32933
9.00000 92.32333 92.59000 1.30994 1.28008
10.00000 92.46500 92.64000 1.27003 1.24759
11.00000 92.53167 92.60000 1.23470 1.21271
12.00000 92.59667 92.68000 1.20847 1.18782
13.00000 92.75667 92.70000 1.18746 1.16782
14.00000 92.68833 92.78000 1.17243 1.16125
15.00000 92.84667 92.76000 1.15115 1.13998
16.00000 92.91500 92.92000 1.13562 1.12592
17.00000 93.00833 92.98000 1.12128 1.11366
18.00000 93.03500 92.98000 1.11002 1.10500
19.00000 93.06500 93.03000 1.09954 1.09343
20.00000 93.09500 93.06000 1.09021 1.08536
21.00000 93.09333 93.05000 1.07785 1.07877
22.00000 93.10167 92.93000 1.06924 1.07183
23.00000 93.11333 93.02000 1.06496 1.06554
24.00000 93.17167 93.08000 1.05633 1.05949
25.00000 93.13167 93.14000 1.04471 1.05042
26.00000 93.18500 93.05000 1.03384 1.04130
27.00000 93.23000 93.14000 1.02844 1.03626
28.00000 93.31167 93.23000 1.02209 1.02804
29.00000 93.26833 93.21000 1.01449 1.02172
30.00000 93.34833 93.23000 1.00526 1.01546
31.00000 93.36167 93.24000 1.00227 1.01447
32.00000 93.43500 93.15000 0.99843 1.01051
33.00000 93.38500 93.17000 0.98904 1.00244
34.00000 93.47500 93.24000 0.98994 1.00588
35.00000 93.41667 93.23000 0.98006 0.99550
36.00000 93.48500 93.23000 0.97720 0.99441
37.00000 93.56000 93.17000 0.97238 0.99259
38.00000 93.59667 93.26000 0.97200 0.98997
39.00000 93.56667 93.20000 0.96528 0.98637
40.00000 93.63667 93.18000 0.96165 0.98542
41.00000 93.66167 93.23000 0.95800 0.98235
42.00000 93.63000 93.24000 0.95439 0.97652
43.00000 93.74500 93.28000 0.95300 0.97960
44.00000 93.74833 93.32000 0.94713 0.97383
45.00000 93.74500 93.39000 0.94432 0.97286
46.00000 93.71500 93.26000 0.93909 0.96810
47.00000 93.74333 93.26000 0.93796 0.96934
48.00000 93.79167 93.35000 0.93516 0.97010
49.00000 93.85333 93.38000 0.93329 0.96609
