0.00000 0.05000 0.10000 0.15000 0.20000 0.25000 0.30000 0.35000 0.40000 0.45000 0.50000 0.55000 0.60000 0.65000 0.70000 0.75000 0.80000 0.85000 0.90000 0.95000 1.00000
93.15000 93.20000 93.20000 93.21000 93.24000 93.30000 93.27000 93.37000 93.32000 93.32000 93.32000 93.40000 93.23000 93.45000 93.50000 93.46000 93.36000 93.43000 93.35000 93.38000 93.27000
93.15000 93.17000 93.21000 93.18000 93.22000 93.18000 93.27000 93.29000 93.18000 93.29000 93.33000 93.30000 93.37000 93.30000 93.38000 93.41000 93.37000 93.24000 93.34000 93.26000 93.43000
93.15000 93.18000 93.24000 93.26000 93.30000 93.23000 93.39000 93.35000 93.34000 93.30000 93.35000 93.32000 93.36000 93.40000 93.32000 93.41000 93.42000 93.32000 93.42000 93.36000 93.29000
93.15000 93.15000 93.23000 93.16000 93.26000 93.29000 93.31000 93.30000 93.32000 93.28000 93.40000 93.29000 93.33000 93.38000 93.37000 93.40000 93.39000 93.25000 93.36000 93.29000 93.35000
93.15000 93.14000 93.26000 93.29000 93.26000 93.30000 93.28000 93.41000 93.39000 93.34000 93.42000 93.29000 93.30000 93.42000 93.32000 93.39000 93.33000 93.41000 93.34000 93.38000 93.34000
93.15000 93.21000 93.20000 93.19000 93.23000 93.23000 93.27000 93.30000 93.32000 93.29000 93.41000 93.32000 93.43000 93.43000 93.35000 93.35000 93.28000 93.36000 93.30000 93.33000 93.39000
93.15000 93.17000 93.19000 93.22000 93.21000 93.33000 93.23000 93.22000 93.26000 93.34000 93.27000 93.29000 93.41000 93.39000 93.32000 93.38000 93.39000 93.28000 93.31000 93.45000 93.31000
93.15000 93.15000 93.19000 93.25000 93.18000 93.30000 93.32000 93.25000 93.38000 93.31000 93.29000 93.31000 93.29000 93.39000 93.42000 93.46000 93.31000 93.43000 93.28000 93.27000 93.35000
93.15000 93.16000 93.27000 93.25000 93.20000 93.22000 93.28000 93.26000 93.36000 93.33000 93.31000 93.35000 93.27000 93.26000 93.46000 93.36000 93.34000 93.38000 93.32000 93.30000 93.28000
93.15000 93.19000 93.22000 93.24000 93.25000 93.23000 93.26000 93.28000 93.30000 93.43000 93.27000 93.27000 93.34000 93.31000 93.32000 93.33000 93.31000 93.40000 93.38000 93.26000 93.36000
93.15000 93.20000 93.22000 93.23000 93.22000 93.22000 93.30000 93.26000 93.38000 93.29000 93.30000 93.32000 93.39000 93.19000 93.34000 93.41000 93.32000 93.44000 93.39000 93.24000 93.36000
93.15000 93.14000 93.27000 93.30000 93.31000 93.22000 93.28000 93.23000 93.34000 93.27000 93.37000 93.34000 93.25000 93.37000 93.32000 93.46000 93.35000 93.40000 93.38000 93.32000 93.32000
93.15000 93.17000 93.25000 93.19000 93.27000 93.19000 93.22000 93.37000 93.25000 93.31000 93.35000 93.33000 93.43000 93.33000 93.32000 93.36000 93.31000 93.38000 93.35000 93.35000 93.30000
93.15000 93.12000 93.24000 93.29000 93.29000 93.29000 93.35000 93.20000 93.19000 93.29000 93.33000 93.33000 93.33000 93.41000 93.39000 93.32000 93.28000 93.33000 93.36000 93.36000 93.43000
93.15000 93.16000 93.24000 93.26000 93.27000 93.30000 93.26000 93.27000 93.24000 93.37000 93.37000 93.17000 93.34000 93.41000 93.38000 93.42000 93.37000 93.33000 93.30000 93.52000 93.32000
93.15000 93.12000 93.22000 93.23000 93.19000 93.26000 93.22000 93.35000 93.20000 93.26000 93.40000 93.22000 93.29000 93.37000 93.49000 93.29000 93.43000 93.35000 93.33000 93.41000 93.36000
93.15000 93.17000 93.23000 93.32000 93.19000 93.26000 93.29000 93.33000 93.33000 93.30000 93.34000 93.36000 93.29000 93.33000 93.32000 93.43000 93.37000 93.42000 93.36000 93.30000 93.21000
93.15000 93.20000 93.22000 93.19000 93.34000 93.36000 93.29000 93.28000 93.26000 93.34000 93.34000 93.33000 93.37000 93.31000 93.31000 93.34000 93.34000 93.34000 93.47000 93.40000 93.34000
93.15000 93.16000 93.25000 93.15000 93.21000 93.32000 93.32000 93.22000 93.30000 93.27000 93.40000 93.28000 93.35000 93.35000 93.37000 93.34000 93.42000 93.29000 93.24000 93.43000 93.21000
93.15000 93.17000 93.20000 93.20000 93.25000 93.24000 93.24000 93.28000 93.17000 93.30000 93.37000 93.30000 93.42000 93.30000 93.46000 93.40000 93.43000 93.31000 93.26000 93.34000 93.50000
