0.00000 0.05000 0.10000 0.15000 0.20000 0.25000 0.30000 0.35000 0.40000 0.45000 0.50000 0.55000 0.60000 0.65000 0.70000 0.75000 0.80000 0.85000 0.90000 0.95000 1.00000
93.15000 92.89000 92.78000 92.79000 92.84000 92.68000 92.59000 92.33000 91.49000 91.01000 89.51000 87.45000 85.09000 81.88000 77.81000 73.54000 68.75000 64.14000 58.19000 53.28000 48.54000
93.15000 92.89000 92.85000 92.83000 92.81000 92.63000 92.60000 92.18000 91.75000 90.81000 89.53000 87.99000 85.39000 82.02000 78.22000 74.02000 68.47000 63.42000 58.12000 53.59000 48.30000
93.15000 92.90000 92.79000 92.79000 92.89000 92.80000 92.62000 92.40000 91.85000 90.85000 89.79000 87.57000 85.09000 81.94000 77.99000 73.83000 68.51000 63.50000 58.43000 53.16000 48.47000
93.15000 92.90000 92.81000 92.84000 92.82000 92.76000 92.56000 92.23000 91.83000 90.69000 89.89000 87.93000 85.04000 80.98000 78.12000 73.19000 68.31000 63.76000 58.17000 53.90000 47.88000
93.15000 92.98000 92.91000 92.86000 92.74000 92.74000 92.52000 92.33000 91.80000 90.90000 89.62000 88.03000 84.95000 81.73000 78.44000 73.90000 68.77000 63.83000 58.39000 53.67000 48.68000
93.15000 92.96000 92.78000 92.83000 92.88000 92.86000 92.54000 92.32000 91.88000 90.85000 89.74000 87.62000 85.11000 82.22000 78.06000 73.90000 68.75000 63.69000 58.12000 52.65000 48.13000
93.15000 92.88000 92.83000 92.80000 92.85000 92.73000 92.60000 92.32000 91.81000 90.77000 89.66000 87.94000 85.32000 81.88000 78.38000 73.75000 68.29000 64.33000 58.74000 53.07000 47.63000
93.15000 92.98000 92.86000 92.79000 92.81000 92.86000 92.68000 92.29000 91.80000 91.05000 89.78000 88.08000 85.24000 82.50000 78.29000 73.02000 68.82000 63.18000 58.98000 53.27000 48.80000
93.15000 92.97000 92.76000 92.84000 92.80000 92.80000 92.40000 92.30000 91.91000 91.05000 89.62000 87.81000 85.33000 82.19000 77.78000 74.10000 69.00000 63.22000 58.85000 53.68000 48.65000
93.15000 92.93000 92.81000 92.86000 92.67000 92.83000 92.63000 92.24000 91.82000 90.95000 89.46000 87.50000 85.07000 82.20000 78.23000 73.55000 68.59000 63.16000 58.14000 53.61000 48.02000
93.15000 92.91000 92.80000 92.86000 92.77000 92.77000 92.56000 92.23000 91.70000 90.66000 89.63000 88.04000 85.17000 81.98000 78.26000 73.89000 68.19000 63.42000 58.42000 53.46000 48.96000
93.15000 92.90000 92.90000 92.86000 92.73000 92.64000 92.65000 92.27000 91.79000 90.68000 89.52000 87.56000 85.25000 81.84000 78.30000 73.55000 68.33000 63.45000 58.54000 53.19000 48.00000
93.15000 92.87000 92.76000 92.78000 92.80000 92.71000 92.64000 92.29000 91.82000 90.82000 89.52000 88.00000 85.25000 81.74000 77.83000 73.70000 68.68000 63.66000 58.07000 53.45000 48.33000
93.15000 92.94000 92.88000 92.78000 92.71000 92.62000 92.59000 92.37000 91.84000 90.83000 89.46000 87.65000 85.03000 82.25000 78.10000 73.69000 68.90000 63.82000 58.52000 53.57000 48.05000
93.15000 92.88000 92.79000 92.72000 92.75000 92.66000 92.67000 92.42000 91.71000 90.94000 89.68000 87.56000 85.44000 82.13000 78.40000 73.55000 68.65000 63.15000 58.56000 53.45000 48.49000
93.15000 92.89000 92.80000 92.75000 92.83000 92.77000 92.66000 92.26000 91.62000 90.69000 89.53000 87.65000 85.36000 81.94000 78.13000 73.62000 69.14000 63.63000 58.50000 53.23000 49.34000
93.15000 92.93000 92.79000 92.85000 92.75000 92.72000 92.65000 92.36000 91.86000 90.84000 89.50000 87.61000 85.21000 82.08000 77.86000 73.77000 68.99000 63.89000 58.50000 53.20000 48.21000
93.15000 92.83000 92.72000 92.79000 92.86000 92.71000 92.68000 92.39000 91.71000 90.85000 89.42000 87.90000 84.63000 82.33000 78.58000 73.33000 68.71000 63.21000 57.73000 52.96000 48.14000
93.15000 92.93000 92.78000 92.86000 92.81000 92.70000 92.58000 92.47000 91.84000 90.98000 89.95000 88.23000 85.04000 82.08000 78.10000 72.65000 68.75000 63.39000 58.37000 53.27000 48.13000
93.15000 92.94000 92.89000 92.90000 92.73000 92.72000 92.65000 92.31000 91.62000 90.94000 89.50000 87.66000 85.15000 82.35000 78.12000 73.81000 68.59000 63.48000 57.85000 53.02000 48.03000
