# epoch | tr.acc. | te.acc. | tr.loss | te.loss
0.00000 87.71667 87.96000 2.64677 2.62705
1.00000 89.53333 89.87000 2.05878 2.05867
2.00000 90.54667 90.63000 1.76095 1.76187
3.00000 91.34167 91.50000 1.54972 1.54536
4.00000 91.62333 91.45000 1.44180 1.44985
5.00000 92.09667 91.78000 1.31701 1.32929
6.00000 92.45167 92.14000 1.24696 1.26157
7.00000 92.66833 92.36000 1.20349 1.22257
8.00000 92.72500 92.46000 1.16785 1.18756
9.00000 92.83167 92.70000 1.13959 1.15971
10.00000 93.04833 92.77000 1.11532 1.14307
11.00000 93.14167 92.94000 1.09358 1.12725
12.00000 93.31667 92.97000 1.05788 1.09385
13.00000 93.29667 92.95000 1.04297 1.08571
14.00000 93.59667 92.92000 1.03158 1.08564
15.00000 93.57833 93.08000 1.01181 1.06569
16.00000 93.62000 92.92000 1.01062 1.06892
17.00000 93.75000 93.20000 0.99459 1.05566
18.00000 93.73667 93.10000 0.98745 1.04914
19.00000 93.89167 93.17000 0.98203 1.05484
20.00000 93.79833 93.15000 0.97127 1.04160
21.00000 93.86667 93.04000 0.97858 1.05996
22.00000 93.99167 93.22000 0.95339 1.03592
23.00000 93.91833 93.04000 0.95806 1.03934
24.00000 93.91667 93.12000 0.95202 1.03484
25.00000 93.97333 93.02000 0.94606 1.03742
26.00000 94.09500 93.09000 0.93863 1.03798
27.00000 94.06667 93.36000 0.94103 1.03115
28.00000 94.18167 93.19000 0.93921 1.04133
29.00000 94.19167 93.11000 0.92879 1.02969
30.00000 94.26833 93.27000 0.92166 1.03082
31.00000 94.26833 93.26000 0.92311 1.03127
32.00000 94.18167 93.18000 0.92560 1.03391
33.00000 94.36833 93.32000 0.91753 1.03539
34.00000 94.25833 93.17000 0.91199 1.02330
35.00000 94.28167 93.30000 0.91957 1.04301
36.00000 94.33667 93.19000 0.91133 1.03212
37.00000 94.39333 93.32000 0.90775 1.03295
38.00000 94.41000 93.29000 0.90413 1.03269
39.00000 94.20500 93.01000 0.91213 1.03922
40.00000 94.37333 93.06000 0.89295 1.02259
41.00000 94.37833 93.17000 0.89587 1.02835
42.00000 94.42833 93.16000 0.89192 1.02714
43.00000 94.26000 93.19000 0.89738 1.02406
44.00000 94.48833 93.14000 0.89263 1.03570
45.00000 94.44000 93.01000 0.89398 1.03832
46.00000 94.44667 93.09000 0.88903 1.04050
47.00000 94.45333 93.00000 0.88882 1.03897
48.00000 94.35167 93.07000 0.87905 1.02246
49.00000 94.42000 93.15000 0.87520 1.01931
