0.00000 0.05000 0.10000 0.15000 0.20000 0.25000 0.30000 0.35000 0.40000 0.45000 0.50000 0.55000 0.60000 0.65000 0.70000 0.75000 0.80000 0.85000 0.90000 0.95000 1.00000
96.93000 96.63000 96.51000 96.06000 95.75000 95.42000 95.12000 94.50000 94.03000 93.80000 93.15000 92.87000 92.61000 92.24000 91.54000 91.19000 90.82000 89.95000 90.23000 90.00000 89.13000
96.93000 96.68000 96.42000 96.08000 95.89000 95.54000 95.43000 94.90000 94.29000 93.68000 93.57000 93.01000 92.57000 92.00000 91.28000 91.14000 90.88000 90.81000 90.34000 89.63000 89.10000
96.93000 96.64000 96.42000 96.12000 95.77000 95.69000 95.34000 94.77000 94.30000 93.82000 93.40000 92.82000 92.34000 92.19000 91.38000 91.29000 91.00000 90.28000 89.77000 89.80000 89.68000
96.93000 96.67000 96.28000 96.17000 95.89000 95.56000 94.96000 95.01000 94.28000 93.94000 93.34000 92.90000 92.48000 92.53000 91.71000 91.24000 90.90000 90.47000 90.27000 89.28000 89.28000
96.93000 96.69000 96.50000 96.31000 95.92000 95.53000 95.08000 94.57000 94.40000 94.11000 93.44000 92.98000 92.23000 92.20000 91.81000 91.21000 90.67000 90.66000 90.36000 90.04000 89.63000
96.93000 96.73000 96.47000 96.32000 95.93000 95.38000 95.38000 94.79000 94.39000 94.02000 93.60000 93.13000 92.72000 91.94000 91.83000 91.07000 91.06000 90.41000 90.28000 89.84000 88.90000
96.93000 96.62000 96.45000 96.01000 95.86000 95.50000 95.36000 94.91000 94.33000 93.89000 93.87000 93.21000 92.64000 91.80000 91.72000 91.02000 91.02000 90.76000 90.14000 89.74000 89.53000
96.93000 96.62000 96.42000 96.21000 95.69000 95.40000 95.49000 94.60000 94.26000 93.79000 93.52000 93.10000 92.49000 92.52000 91.76000 90.92000 91.17000 90.65000 89.95000 89.34000 89.71000
96.93000 96.63000 96.35000 96.06000 95.89000 95.23000 95.03000 94.81000 94.32000 93.95000 93.45000 92.94000 92.39000 91.78000 91.47000 91.32000 90.82000 90.48000 90.18000 89.66000 89.10000
96.93000 96.66000 96.32000 96.08000 95.78000 95.51000 95.00000 94.69000 94.21000 93.84000 93.67000 93.19000 92.73000 92.27000 92.19000 91.16000 91.30000 90.45000 90.31000 89.60000 88.91000
96.93000 96.61000 96.28000 96.16000 95.92000 95.48000 95.05000 94.71000 94.32000 93.86000 93.51000 92.70000 92.50000 91.99000 91.61000 90.55000 90.58000 90.47000 89.97000 89.76000 89.55000
96.93000 96.59000 96.43000 96.09000 95.93000 95.41000 95.24000 94.78000 94.41000 94.02000 93.69000 93.09000 92.65000 91.98000 91.24000 91.24000 90.62000 90.60000 90.13000 89.75000 89.54000
96.93000 96.68000 96.44000 96.18000 95.94000 95.43000 95.18000 94.87000 94.17000 93.85000 93.01000 93.28000 92.48000 92.11000 91.84000 91.18000 91.25000 90.23000 89.93000 89.73000 89.11000
96.93000 96.58000 96.45000 96.25000 95.78000 95.53000 95.23000 94.75000 94.34000 93.78000 93.08000 92.92000 91.95000 92.36000 92.10000 91.58000 91.07000 90.31000 90.49000 89.37000 89.32000
96.93000 96.73000 96.24000 96.25000 95.65000 95.27000 95.34000 94.78000 94.19000 93.65000 93.62000 93.19000 92.83000 92.47000 91.68000 91.46000 91.11000 90.54000 90.01000 89.10000 89.25000
96.93000 96.63000 96.47000 96.21000 95.88000 95.41000 95.17000 94.74000 94.43000 93.99000 93.20000 92.84000 93.06000 92.14000 91.53000 91.01000 90.56000 90.11000 89.76000 89.56000 89.11000
96.93000 96.68000 96.47000 96.20000 95.90000 95.60000 94.93000 94.79000 94.22000 93.92000 93.37000 93.04000 92.65000 91.96000 91.59000 91.61000 90.88000 90.31000 90.27000 89.85000 89.26000
96.93000 96.72000 96.35000 96.15000 95.84000 95.26000 95.17000 94.69000 94.28000 94.18000 93.21000 92.87000 92.15000 92.24000 91.78000 90.82000 90.82000 90.73000 90.12000 89.65000 89.80000
96.93000 96.76000 96.40000 96.17000 95.76000 95.73000 94.92000 94.93000 94.11000 93.84000 93.66000 93.16000 92.49000 92.08000 91.80000 91.25000 90.87000 90.13000 90.06000 89.59000 89.62000
96.93000 96.66000 96.48000 96.24000 95.78000 95.62000 94.97000 94.62000 94.34000 93.94000 93.59000 93.04000 92.71000 92.07000 91.46000 91.55000 90.57000 90.53000 89.89000 89.97000 89.45000
