0.00000 0.05000 0.10000 0.15000 0.20000 0.25000 0.30000 0.35000 0.40000 0.45000 0.50000 0.55000 0.60000 0.65000 0.70000 0.75000 0.80000 0.85000 0.90000 0.95000 1.00000
96.93000 97.01000 96.92000 96.96000 96.99000 96.99000 96.94000 97.01000 96.97000 96.88000 96.95000 96.99000 96.84000 96.81000 96.73000 96.75000 96.77000 96.57000 96.60000 96.46000 96.45000
96.93000 96.98000 96.91000 96.94000 97.02000 96.99000 97.02000 97.01000 96.96000 97.00000 96.98000 96.96000 96.82000 96.83000 96.71000 96.82000 96.63000 96.65000 96.62000 96.51000 96.52000
96.93000 96.98000 96.98000 96.99000 97.03000 97.01000 97.00000 97.04000 96.90000 96.97000 96.90000 96.89000 96.93000 96.80000 96.76000 96.69000 96.58000 96.68000 96.67000 96.62000 96.35000
96.93000 96.93000 96.95000 97.00000 97.01000 96.98000 97.00000 97.00000 96.90000 96.93000 96.97000 96.94000 96.85000 96.72000 96.79000 96.78000 96.71000 96.77000 96.53000 96.56000 96.45000
96.93000 96.98000 96.91000 96.98000 97.01000 96.94000 96.96000 96.93000 96.99000 96.88000 96.87000 96.90000 96.88000 96.73000 96.81000 96.77000 96.65000 96.65000 96.62000 96.60000 96.54000
96.93000 96.93000 96.96000 97.00000 96.94000 96.96000 97.08000 97.00000 96.93000 97.00000 96.90000 96.88000 96.85000 96.86000 96.82000 96.69000 96.74000 96.80000 96.45000 96.58000 96.40000
96.93000 96.95000 96.92000 96.97000 96.99000 97.03000 96.99000 96.97000 96.99000 97.00000 96.99000 96.93000 96.87000 96.88000 96.77000 96.71000 96.76000 96.65000 96.47000 96.54000 96.50000
96.93000 96.96000 96.98000 96.97000 97.01000 97.00000 97.02000 96.90000 97.01000 96.95000 97.04000 96.83000 96.86000 96.73000 96.83000 96.79000 96.72000 96.66000 96.63000 96.48000 96.40000
96.93000 96.92000 96.97000 96.96000 97.01000 97.02000 96.95000 96.94000 96.92000 96.95000 97.01000 96.86000 96.94000 96.81000 96.76000 96.71000 96.80000 96.70000 96.55000 96.59000 96.46000
96.93000 96.97000 97.02000 96.97000 96.98000 96.99000 96.98000 97.02000 97.04000 96.96000 96.89000 96.89000 96.81000 96.90000 96.71000 96.78000 96.73000 96.65000 96.55000 96.65000 96.43000
96.93000 97.02000 96.99000 96.99000 96.99000 97.01000 96.96000 96.95000 96.91000 96.96000 96.88000 96.86000 96.79000 96.77000 96.68000 96.66000 96.64000 96.72000 96.63000 96.53000 96.46000
96.93000 96.96000 96.95000 96.91000 97.03000 96.95000 97.05000 96.94000 96.91000 97.01000 96.92000 96.93000 96.88000 96.76000 96.84000 96.72000 96.71000 96.67000 96.57000 96.46000 96.61000
96.93000 96.96000 96.96000 97.04000 97.01000 96.95000 97.05000 97.02000 97.03000 96.88000 96.95000 96.93000 96.82000 96.82000 96.85000 96.69000 96.69000 96.57000 96.61000 96.57000 96.44000
96.93000 97.02000 96.97000 96.98000 97.05000 96.98000 96.98000 96.98000 96.97000 97.00000 96.90000 96.85000 96.89000 96.79000 96.73000 96.61000 96.61000 96.66000 96.52000 96.64000 96.56000
96.93000 96.97000 96.98000 96.98000 97.00000 97.04000 96.92000 97.01000 96.95000 96.92000 96.96000 96.84000 96.75000 96.81000 96.65000 96.82000 96.67000 96.71000 96.57000 96.52000 96.45000
96.93000 96.92000 96.98000 97.01000 97.00000 97.03000 97.02000 96.97000 96.97000 96.94000 96.90000 96.94000 96.95000 96.86000 96.64000 96.71000 96.84000 96.61000 96.52000 96.59000 96.44000
96.93000 96.99000 96.99000 97.02000 96.97000 96.97000 97.03000 96.98000 96.91000 96.93000 96.96000 96.89000 96.89000 96.82000 96.81000 96.60000 96.70000 96.74000 96.63000 96.51000 96.39000
96.93000 96.97000 96.95000 96.98000 97.02000 96.98000 97.01000 96.93000 96.97000 96.90000 96.95000 97.00000 96.90000 96.78000 96.65000 96.69000 96.75000 96.63000 96.69000 96.41000 96.56000
96.93000 96.99000 96.99000 96.95000 96.97000 96.98000 96.93000 96.98000 97.04000 96.98000 96.91000 96.95000 96.86000 96.90000 96.73000 96.72000 96.69000 96.79000 96.63000 96.45000 96.53000
96.93000 96.90000 96.98000 96.95000 97.03000 97.02000 97.02000 96.92000 96.93000 96.94000 96.84000 96.89000 97.01000 96.92000 96.85000 96.72000 96.74000 96.71000 96.66000 96.57000 96.40000
