0.00000 0.05000 0.10000 0.15000 0.20000 0.25000 0.30000 0.35000 0.40000 0.45000 0.50000 0.55000 0.60000 0.65000 0.70000 0.75000 0.80000 0.85000 0.90000 0.95000 1.00000
96.93000 96.77000 96.82000 96.78000 96.78000 96.74000 96.75000 96.50000 96.22000 95.70000 94.83000 93.69000 91.79000 89.51000 86.75000 83.16000 79.48000 75.54000 71.23000 66.65000 62.45000
96.93000 96.82000 96.75000 96.83000 96.74000 96.74000 96.68000 96.41000 96.27000 95.58000 94.68000 93.42000 91.42000 89.58000 86.11000 83.02000 79.41000 75.58000 71.57000 66.75000 62.38000
96.93000 96.83000 96.73000 96.72000 96.74000 96.69000 96.64000 96.30000 96.29000 95.80000 95.04000 93.67000 91.64000 89.43000 86.87000 83.67000 79.10000 75.57000 70.96000 66.40000 63.03000
96.93000 96.80000 96.79000 96.80000 96.69000 96.75000 96.67000 96.38000 96.18000 95.68000 94.91000 93.48000 91.70000 89.64000 86.91000 83.48000 78.99000 75.75000 71.23000 67.13000 62.79000
96.93000 96.79000 96.74000 96.76000 96.72000 96.63000 96.58000 96.35000 96.10000 95.75000 94.89000 93.31000 91.80000 89.76000 85.95000 83.16000 79.65000 75.41000 71.14000 66.90000 62.70000
96.93000 96.89000 96.82000 96.80000 96.75000 96.72000 96.55000 96.42000 96.23000 95.49000 94.81000 93.59000 91.75000 89.46000 86.62000 83.55000 78.92000 75.58000 71.20000 66.65000 62.76000
96.93000 96.76000 96.84000 96.82000 96.77000 96.71000 96.70000 96.46000 96.19000 95.69000 94.54000 93.66000 91.66000 89.55000 86.50000 83.36000 79.43000 75.66000 71.37000 66.90000 62.27000
96.93000 96.84000 96.78000 96.87000 96.76000 96.72000 96.71000 96.60000 96.15000 95.59000 94.66000 93.25000 91.37000 89.45000 86.67000 83.60000 79.73000 75.69000 71.38000 67.52000 62.62000
96.93000 96.80000 96.85000 96.77000 96.70000 96.75000 96.71000 96.43000 95.98000 95.61000 94.76000 93.67000 91.65000 89.51000 86.63000 82.98000 80.15000 75.19000 71.05000 67.26000 62.15000
96.93000 96.94000 96.80000 96.73000 96.79000 96.73000 96.54000 96.40000 96.27000 95.75000 94.69000 93.09000 91.39000 89.64000 86.52000 83.24000 79.41000 75.74000 71.21000 66.78000 63.07000
96.93000 96.81000 96.77000 96.79000 96.74000 96.78000 96.70000 96.43000 96.11000 95.63000 94.73000 93.50000 91.59000 89.41000 87.14000 83.17000 79.30000 75.31000 71.25000 67.17000 62.56000
96.93000 96.83000 96.77000 96.74000 96.81000 96.72000 96.61000 96.43000 96.12000 95.65000 94.73000 93.34000 91.72000 89.49000 86.81000 83.03000 79.30000 75.46000 71.57000 67.04000 62.73000
96.93000 96.85000 96.78000 96.77000 96.77000 96.79000 96.66000 96.38000 96.11000 95.56000 94.79000 93.63000 91.85000 89.44000 86.95000 82.83000 79.32000 75.16000 71.13000 67.17000 62.86000
96.93000 96.84000 96.79000 96.79000 96.70000 96.71000 96.62000 96.50000 96.21000 95.77000 94.82000 93.45000 91.96000 89.62000 86.75000 83.13000 79.51000 74.98000 71.00000 66.61000 62.91000
96.93000 96.86000 96.78000 96.77000 96.76000 96.79000 96.60000 96.51000 96.39000 95.46000 94.72000 93.35000 91.86000 89.41000 86.43000 83.53000 79.79000 75.68000 70.67000 66.72000 62.62000
96.93000 96.84000 96.70000 96.74000 96.75000 96.75000 96.65000 96.48000 96.13000 95.71000 94.83000 93.34000 91.96000 89.72000 86.88000 83.49000 79.13000 75.32000 71.75000 67.39000 62.09000
96.93000 96.87000 96.82000 96.69000 96.69000 96.61000 96.69000 96.42000 96.24000 95.59000 94.79000 93.44000 91.71000 89.56000 86.64000 83.04000 78.98000 74.83000 70.64000 66.90000 62.63000
96.93000 96.84000 96.73000 96.73000 96.78000 96.71000 96.74000 96.38000 96.27000 95.73000 94.66000 93.74000 91.78000 89.60000 86.61000 83.54000 78.99000 75.28000 71.27000 66.71000 63.23000
96.93000 96.83000 96.77000 96.75000 96.71000 96.66000 96.55000 96.48000 96.20000 95.52000 94.79000 93.29000 92.06000 89.25000 87.31000 83.36000 79.39000 75.37000 71.07000 67.08000 62.43000
96.93000 96.83000 96.88000 96.80000 96.76000 96.75000 96.59000 96.38000 96.28000 95.76000 95.08000 93.38000 91.71000 89.24000 86.26000 82.38000 79.56000 75.52000 71.41000 66.46000 62.05000
