0.00000 0.05000 0.10000 0.15000 0.20000 0.25000 0.30000 0.35000 0.40000 0.45000 0.50000 0.55000 0.60000 0.65000 0.70000 0.75000 0.80000 0.85000 0.90000 0.95000 1.00000
96.93000 96.92000 96.91000 96.91000 96.95000 96.95000 96.91000 96.94000 96.96000 96.93000 96.93000 96.94000 96.93000 96.92000 96.96000 96.95000 96.92000 96.94000 96.92000 96.91000 96.97000
96.93000 96.93000 96.92000 96.91000 96.94000 96.95000 96.97000 96.95000 97.00000 96.94000 96.94000 96.96000 96.94000 96.97000 96.97000 96.93000 96.92000 96.94000 96.90000 96.92000 96.96000
96.93000 96.93000 96.91000 96.93000 96.92000 96.93000 96.94000 96.96000 96.95000 96.88000 96.94000 96.94000 96.94000 96.96000 96.96000 96.95000 96.95000 96.91000 96.92000 96.95000 96.96000
96.93000 96.91000 96.91000 96.95000 96.92000 96.92000 96.95000 96.95000 96.92000 96.93000 96.98000 96.93000 96.98000 96.95000 96.96000 96.96000 96.97000 96.91000 96.93000 96.89000 96.92000
96.93000 96.95000 96.92000 96.93000 96.92000 96.92000 96.93000 96.90000 96.94000 96.94000 96.93000 96.93000 96.92000 96.95000 96.96000 96.95000 96.96000 96.94000 96.94000 96.93000 96.92000
96.93000 96.91000 96.93000 96.94000 96.93000 96.93000 96.91000 96.90000 96.95000 96.88000 96.94000 96.90000 96.93000 96.97000 96.96000 96.93000 96.90000 96.97000 96.93000 96.97000 96.93000
96.93000 96.94000 96.92000 96.91000 96.92000 96.92000 96.92000 96.91000 96.90000 96.95000 96.97000 96.95000 96.92000 96.94000 96.97000 96.94000 96.88000 96.92000 96.93000 96.92000 96.93000
96.93000 96.98000 96.88000 96.92000 96.93000 96.93000 96.97000 96.95000 96.92000 96.96000 96.95000 96.93000 96.90000 96.95000 96.91000 96.95000 96.92000 96.94000 96.93000 96.92000 96.90000
96.93000 96.93000 96.90000 96.92000 96.94000 96.89000 96.93000 96.90000 96.93000 96.95000 96.98000 96.95000 96.91000 96.94000 96.96000 96.93000 96.96000 96.95000 96.92000 96.95000 96.88000
96.93000 96.91000 96.93000 96.92000 96.89000 96.94000 96.95000 96.93000 96.94000 96.96000 96.94000 96.94000 96.93000 96.96000 96.91000 96.89000 96.93000 96.95000 96.92000 96.91000 96.90000
96.93000 96.94000 96.92000 96.93000 96.92000 96.93000 96.93000 96.90000 96.91000 96.94000 96.95000 96.92000 96.96000 96.94000 96.95000 96.94000 96.93000 96.91000 96.89000 96.90000 96.87000
96.93000 96.93000 96.90000 96.89000 96.94000 96.93000 96.93000 96.96000 96.93000 96.98000 96.94000 96.94000 96.94000 96.96000 96.94000 96.94000 96.88000 96.95000 96.89000 96.93000 96.93000
96.93000 96.93000 96.91000 96.92000 96.93000 96.91000 96.95000 96.93000 96.95000 96.93000 96.94000 96.94000 96.94000 96.93000 96.95000 96.92000 96.91000 96.94000 96.92000 96.90000 96.95000
96.93000 96.92000 96.90000 96.94000 96.92000 96.95000 96.94000 96.94000 96.93000 96.93000 96.99000 96.94000 96.94000 96.95000 96.98000 96.93000 96.95000 96.92000 96.95000 96.93000 96.93000
96.93000 96.90000 96.91000 96.93000 96.89000 96.93000 96.96000 96.96000 96.95000 96.89000 96.97000 96.96000 96.94000 96.94000 96.97000 96.93000 96.96000 96.95000 96.95000 96.91000 96.89000
96.93000 96.95000 96.90000 96.90000 96.94000 96.96000 96.92000 96.91000 96.90000 96.90000 96.94000 96.95000 96.95000 96.95000 96.91000 96.97000 96.98000 96.93000 96.90000 96.91000 96.91000
96.93000 96.94000 96.91000 96.91000 96.92000 96.97000 96.95000 96.95000 97.00000 96.94000 96.95000 96.95000 96.95000 96.93000 96.92000 96.92000 96.93000 96.92000 96.92000 96.91000 96.95000
96.93000 96.93000 96.93000 96.91000 96.88000 96.94000 96.92000 96.95000 96.95000 96.95000 96.93000 96.96000 96.95000 96.93000 96.92000 96.93000 96.92000 96.94000 96.91000 96.92000 96.92000
96.93000 96.92000 96.93000 96.90000 96.91000 96.89000 96.91000 96.93000 96.94000 96.97000 96.92000 96.93000 96.92000 96.93000 96.95000 96.95000 96.98000 96.91000 96.93000 96.93000 96.88000
96.93000 96.90000 96.94000 96.94000 96.91000 96.93000 96.94000 96.92000 96.92000 96.92000 96.93000 96.96000 96.92000 96.95000 96.94000 96.95000 96.89000 96.94000 96.95000 96.93000 96.94000
