# epoch | tr.acc. | te.acc. | tr.loss | te.loss
0.00000 92.93833 92.96000 1.30016 1.27638
1.00000 94.75500 94.49000 0.94903 0.95168
2.00000 95.57500 95.27000 0.82829 0.84930
3.00000 96.17500 95.63000 0.75440 0.78786
4.00000 96.46500 95.84000 0.71469 0.76592
5.00000 96.84167 96.09000 0.66087 0.71815
6.00000 97.02500 96.22000 0.63819 0.70290
7.00000 97.21500 96.23000 0.60503 0.68278
8.00000 97.48167 96.56000 0.58177 0.66781
9.00000 97.49667 96.53000 0.56751 0.65781
10.00000 97.61833 96.60000 0.54697 0.64998
11.00000 97.73500 96.56000 0.53442 0.64457
12.00000 97.89333 96.74000 0.51579 0.62931
13.00000 97.90667 96.65000 0.50532 0.62465
14.00000 97.96167 96.66000 0.49353 0.61781
15.00000 98.06500 96.78000 0.48764 0.61365
16.00000 98.09167 96.80000 0.47663 0.60546
17.00000 98.17833 96.82000 0.47418 0.61432
18.00000 98.15500 96.84000 0.45964 0.60403
19.00000 98.22500 96.81000 0.45780 0.60629
20.00000 98.27167 96.86000 0.45180 0.60170
21.00000 98.31500 96.92000 0.44613 0.60373
22.00000 98.35667 96.80000 0.44245 0.60468
23.00000 98.39833 96.82000 0.43465 0.60291
24.00000 98.42833 96.91000 0.42878 0.59780
25.00000 98.38667 96.88000 0.42124 0.59212
26.00000 98.43667 96.73000 0.42042 0.59818
27.00000 98.46167 96.84000 0.42088 0.60240
28.00000 98.48667 96.98000 0.41098 0.58832
29.00000 98.55667 96.86000 0.40302 0.58882
30.00000 98.55333 96.78000 0.40448 0.59286
31.00000 98.52500 96.87000 0.39937 0.58608
32.00000 98.58333 96.70000 0.39440 0.58751
33.00000 98.64667 96.95000 0.39029 0.58129
34.00000 98.63167 96.89000 0.39002 0.58531
35.00000 98.67000 96.76000 0.38844 0.58899
36.00000 98.67000 96.84000 0.37969 0.58177
37.00000 98.65167 96.80000 0.37919 0.57650
38.00000 98.73167 96.82000 0.37434 0.58217
39.00000 98.73000 96.80000 0.37824 0.58559
40.00000 98.69500 96.84000 0.37336 0.58137
41.00000 98.77167 96.98000 0.37905 0.59123
42.00000 98.79000 96.82000 0.37042 0.58309
43.00000 98.79500 96.80000 0.36434 0.58509
44.00000 98.79167 96.94000 0.36333 0.58548
45.00000 98.85000 97.05000 0.36322 0.58452
46.00000 98.84000 96.91000 0.35942 0.58757
47.00000 98.84667 96.80000 0.36193 0.58961
48.00000 98.82500 96.83000 0.35106 0.57743
49.00000 98.87333 96.93000 0.35138 0.58130
