0.00000 0.05000 0.10000 0.15000 0.20000 0.25000 0.30000 0.35000 0.40000 0.45000 0.50000 0.55000 0.60000 0.65000 0.70000 0.75000 0.80000 0.85000 0.90000 0.95000 1.00000
96.79000 96.64000 96.48000 96.10000 95.87000 95.68000 95.20000 94.87000 94.29000 93.91000 93.38000 93.16000 92.89000 92.33000 92.14000 91.65000 91.43000 90.39000 90.55000 89.50000 90.14000
96.79000 96.64000 96.54000 96.18000 95.86000 95.58000 95.29000 94.60000 94.36000 94.38000 93.38000 93.16000 92.56000 92.43000 92.35000 91.61000 91.07000 90.00000 90.44000 89.89000 89.61000
96.79000 96.51000 96.47000 96.09000 95.85000 95.59000 95.31000 95.14000 94.54000 93.81000 93.67000 93.06000 92.52000 92.20000 91.86000 91.30000 90.97000 90.36000 90.04000 90.26000 89.28000
96.79000 96.55000 96.56000 96.15000 96.10000 95.50000 95.31000 94.82000 94.41000 93.84000 93.39000 93.23000 92.81000 92.49000 92.17000 91.69000 91.07000 90.82000 89.82000 89.77000 89.43000
96.79000 96.69000 96.43000 96.12000 95.77000 95.61000 95.46000 94.68000 94.62000 94.03000 93.73000 92.99000 93.08000 92.82000 91.98000 91.65000 90.95000 90.81000 90.52000 89.96000 89.80000
96.79000 96.54000 96.27000 96.34000 95.91000 95.75000 95.09000 95.01000 94.53000 94.14000 93.81000 93.32000 92.80000 92.39000 92.22000 92.02000 91.26000 90.62000 90.60000 89.90000 89.89000
96.79000 96.55000 96.39000 96.24000 96.12000 95.61000 95.31000 94.85000 94.31000 94.09000 93.45000 93.31000 92.69000 92.32000 91.76000 91.26000 91.28000 90.77000 90.61000 89.62000 89.22000
96.79000 96.60000 96.40000 96.24000 95.89000 95.63000 95.46000 94.94000 94.39000 93.91000 93.90000 93.04000 92.19000 92.02000 92.14000 91.36000 91.08000 90.65000 90.37000 89.82000 89.48000
96.79000 96.52000 96.43000 96.31000 96.08000 95.63000 95.02000 95.03000 94.56000 94.17000 93.80000 93.27000 93.03000 92.19000 91.88000 91.65000 90.90000 91.01000 90.38000 89.93000 89.72000
96.79000 96.65000 96.49000 96.20000 96.11000 95.50000 95.21000 95.06000 94.12000 94.23000 93.71000 93.07000 92.82000 92.51000 91.64000 91.75000 90.81000 90.87000 90.74000 89.62000 89.77000
96.79000 96.72000 96.45000 96.20000 95.60000 95.70000 95.35000 94.98000 94.31000 93.72000 93.61000 93.30000 92.49000 92.40000 92.13000 91.14000 91.31000 90.35000 90.25000 90.16000 89.83000
96.79000 96.68000 96.42000 96.12000 96.06000 95.80000 95.50000 95.09000 94.34000 93.89000 93.84000 93.34000 92.92000 91.99000 92.25000 91.40000 91.09000 90.84000 90.35000 89.45000 89.15000
96.79000 96.53000 96.38000 96.29000 95.83000 95.67000 95.17000 94.92000 94.58000 94.14000 93.53000 93.05000 92.99000 92.25000 91.81000 91.46000 91.18000 90.88000 90.44000 89.61000 89.27000
96.79000 96.67000 96.35000 96.30000 95.93000 95.57000 95.17000 94.92000 94.53000 93.99000 93.72000 93.07000 92.62000 91.96000 91.64000 91.36000 91.65000 90.16000 90.15000 90.25000 89.85000
96.79000 96.51000 96.42000 96.22000 96.03000 95.55000 95.12000 94.80000 94.34000 93.90000 93.84000 93.11000 92.57000 92.35000 91.32000 91.20000 90.90000 90.77000 90.16000 89.38000 89.93000
96.79000 96.66000 96.47000 96.15000 95.98000 95.65000 95.20000 95.04000 94.71000 94.07000 93.53000 93.17000 92.62000 92.44000 91.71000 91.70000 91.29000 90.86000 90.60000 89.89000 89.67000
96.79000 96.53000 96.41000 96.04000 95.72000 95.54000 95.12000 94.79000 94.57000 93.99000 93.67000 93.03000 92.63000 92.32000 92.02000 91.86000 91.18000 90.55000 90.44000 89.93000 90.08000
96.79000 96.54000 96.42000 96.14000 95.99000 95.66000 95.36000 94.96000 94.42000 93.94000 93.64000 93.27000 92.47000 92.01000 92.07000 91.29000 91.06000 90.94000 90.56000 90.33000 89.76000
96.79000 96.47000 96.44000 96.03000 95.90000 95.64000 95.38000 94.76000 94.60000 93.98000 93.82000 92.79000 92.59000 92.31000 91.72000 91.15000 90.60000 90.62000 90.35000 89.52000 89.50000
96.79000 96.57000 96.43000 96.06000 96.05000 95.65000 95.29000 94.73000 94.27000 93.94000 93.79000 92.83000 92.59000 92.74000 91.72000 91.55000 91.16000 91.00000 90.25000 90.08000 89.48000
