0.00000 0.05000 0.10000 0.15000 0.20000 0.25000 0.30000 0.35000 0.40000 0.45000 0.50000 0.55000 0.60000 0.65000 0.70000 0.75000 0.80000 0.85000 0.90000 0.95000 1.00000
96.79000 96.57000 96.58000 96.53000 96.55000 96.49000 96.41000 96.25000 95.84000 95.24000 93.75000 92.13000 89.11000 86.06000 81.70000 76.59000 71.84000 66.08000 61.69000 56.02000 50.84000
96.79000 96.58000 96.55000 96.48000 96.47000 96.55000 96.55000 96.15000 95.78000 95.06000 93.71000 91.68000 88.75000 85.87000 81.61000 76.98000 71.51000 67.00000 61.29000 56.01000 51.58000
96.79000 96.58000 96.53000 96.55000 96.54000 96.59000 96.42000 96.23000 95.79000 95.05000 94.03000 91.92000 89.53000 85.81000 81.13000 76.66000 71.63000 66.81000 61.95000 55.91000 51.94000
96.79000 96.55000 96.57000 96.57000 96.56000 96.54000 96.57000 96.25000 95.85000 95.21000 94.06000 91.89000 88.83000 85.63000 82.14000 76.78000 71.97000 66.56000 61.58000 56.19000 51.08000
96.79000 96.58000 96.56000 96.60000 96.54000 96.47000 96.50000 96.35000 95.74000 94.89000 94.01000 92.02000 89.43000 86.26000 81.40000 77.25000 71.48000 65.95000 61.12000 55.47000 51.05000
96.79000 96.56000 96.53000 96.64000 96.54000 96.58000 96.41000 96.24000 95.85000 95.22000 93.78000 91.95000 88.85000 85.70000 81.10000 77.01000 71.85000 67.08000 61.48000 55.85000 52.06000
96.79000 96.62000 96.47000 96.56000 96.54000 96.56000 96.61000 96.23000 95.95000 95.01000 93.73000 91.78000 89.40000 85.90000 81.72000 76.67000 71.36000 66.86000 60.47000 56.68000 51.44000
96.79000 96.56000 96.57000 96.53000 96.56000 96.51000 96.49000 96.21000 95.92000 95.01000 93.72000 91.70000 89.78000 86.30000 81.44000 76.76000 71.80000 66.25000 61.35000 56.18000 51.81000
96.79000 96.59000 96.58000 96.53000 96.56000 96.58000 96.47000 96.16000 95.94000 95.12000 93.84000 91.60000 89.14000 86.27000 81.42000 76.68000 71.85000 66.54000 61.12000 56.96000 51.07000
96.79000 96.60000 96.48000 96.53000 96.56000 96.53000 96.48000 96.25000 95.73000 95.18000 93.92000 91.90000 89.27000 85.90000 80.70000 76.79000 71.85000 67.18000 61.64000 56.69000 51.86000
96.79000 96.50000 96.47000 96.47000 96.53000 96.43000 96.52000 96.34000 95.85000 95.02000 93.96000 92.00000 88.98000 85.39000 81.77000 76.95000 71.77000 66.60000 61.38000 57.10000 52.06000
96.79000 96.50000 96.54000 96.53000 96.45000 96.51000 96.54000 96.26000 95.89000 95.14000 93.85000 92.03000 89.41000 85.83000 81.71000 77.46000 72.03000 65.88000 61.63000 56.42000 51.60000
96.79000 96.64000 96.56000 96.43000 96.54000 96.48000 96.39000 96.31000 95.87000 94.99000 93.84000 91.83000 89.32000 85.86000 81.84000 76.70000 71.42000 66.26000 61.43000 56.41000 51.59000
96.79000 96.61000 96.52000 96.55000 96.57000 96.48000 96.45000 96.25000 95.97000 94.90000 93.76000 92.09000 89.15000 85.57000 81.62000 76.71000 71.38000 66.86000 61.67000 56.28000 51.34000
96.79000 96.56000 96.52000 96.57000 96.47000 96.50000 96.39000 96.24000 95.81000 95.06000 94.04000 91.80000 89.40000 85.39000 81.76000 76.65000 71.73000 66.59000 61.59000 56.37000 51.51000
96.79000 96.53000 96.50000 96.54000 96.50000 96.50000 96.44000 96.28000 96.00000 95.30000 93.75000 91.95000 89.26000 85.54000 81.77000 77.07000 72.04000 66.76000 61.02000 56.16000 51.98000
96.79000 96.56000 96.53000 96.52000 96.48000 96.59000 96.53000 96.29000 95.94000 95.15000 93.78000 91.98000 88.91000 85.63000 81.77000 76.82000 71.91000 66.50000 61.07000 55.98000 51.66000
96.79000 96.63000 96.53000 96.52000 96.59000 96.42000 96.52000 96.28000 95.93000 95.07000 93.80000 92.22000 89.35000 85.75000 81.42000 76.95000 72.81000 66.71000 61.53000 55.76000 51.79000
96.79000 96.57000 96.46000 96.51000 96.54000 96.49000 96.35000 96.38000 95.87000 95.11000 94.16000 92.01000 88.77000 85.51000 81.56000 76.98000 71.50000 66.97000 61.21000 57.19000 51.77000
96.79000 96.64000 96.50000 96.45000 96.56000 96.51000 96.40000 96.24000 95.86000 95.15000 94.26000 91.73000 89.03000 85.17000 81.38000 77.08000 71.84000 66.56000 61.72000 56.91000 51.29000
