# epoch | tr.acc. | te.acc. | tr.loss | te.loss
0.00000 92.87500 92.94000 1.35240 1.32962
1.00000 94.49500 94.31000 1.03306 1.04450
2.00000 95.19833 94.95000 0.89402 0.91974
3.00000 95.81500 95.29000 0.80185 0.84065
4.00000 96.24167 95.72000 0.73803 0.79233
5.00000 96.65667 95.91000 0.68687 0.74497
6.00000 96.79667 96.05000 0.65964 0.72797
7.00000 96.98500 96.17000 0.63188 0.70468
8.00000 97.11333 96.36000 0.60417 0.68255
9.00000 97.31500 96.49000 0.58187 0.67092
10.00000 97.48500 96.56000 0.55566 0.65024
11.00000 97.53833 96.59000 0.54439 0.64915
12.00000 97.66167 96.73000 0.52305 0.63202
13.00000 97.74000 96.72000 0.51528 0.62684
14.00000 97.82000 96.83000 0.50570 0.62355
15.00000 97.92667 96.78000 0.50639 0.62997
16.00000 97.97333 96.69000 0.48325 0.61143
17.00000 98.03833 96.77000 0.47527 0.61096
18.00000 98.11167 96.71000 0.46930 0.61049
19.00000 98.10333 96.77000 0.45834 0.60678
20.00000 98.20167 96.82000 0.45578 0.60384
21.00000 98.20667 96.93000 0.44462 0.59503
22.00000 98.20667 96.86000 0.44157 0.59943
23.00000 98.25667 96.90000 0.43419 0.59868
24.00000 98.31667 96.86000 0.43100 0.59800
25.00000 98.35500 96.83000 0.42956 0.60078
26.00000 98.38667 97.02000 0.43410 0.60765
27.00000 98.42667 96.76000 0.41523 0.59274
28.00000 98.42500 96.84000 0.41364 0.59554
29.00000 98.45667 97.01000 0.41349 0.59967
30.00000 98.53000 96.90000 0.40791 0.59216
31.00000 98.54500 97.00000 0.39920 0.58906
32.00000 98.54333 96.85000 0.39967 0.59186
33.00000 98.60833 96.90000 0.39238 0.59095
34.00000 98.60000 96.91000 0.40133 0.60349
35.00000 98.62167 96.85000 0.38660 0.58665
36.00000 98.62000 96.88000 0.39065 0.59215
37.00000 98.64333 96.99000 0.39112 0.59218
38.00000 98.61333 96.88000 0.38717 0.59248
39.00000 98.69333 97.02000 0.37264 0.58107
40.00000 98.69167 96.82000 0.37817 0.59245
41.00000 98.73333 96.95000 0.37326 0.58696
42.00000 98.71000 96.72000 0.37021 0.58672
43.00000 98.76500 96.83000 0.37293 0.59733
44.00000 98.75833 96.94000 0.37285 0.59517
45.00000 98.75333 96.85000 0.37761 0.60328
46.00000 98.79833 96.81000 0.36478 0.59416
47.00000 98.79667 96.87000 0.35952 0.58405
48.00000 98.80333 96.85000 0.35621 0.58941
49.00000 98.84667 96.79000 0.35732 0.59201
