0.00000 0.05000 0.10000 0.15000 0.20000 0.25000 0.30000 0.35000 0.40000 0.45000 0.50000 0.55000 0.60000 0.65000 0.70000 0.75000 0.80000 0.85000 0.90000 0.95000 1.00000
93.68000 93.72000 93.77000 93.79000 93.73000 93.62000 93.52000 93.26000 93.15000 92.89000 92.57000 92.19000 92.18000 91.69000 91.73000 91.09000 90.83000 90.65000 90.08000 90.11000 89.62000
93.68000 93.75000 93.83000 93.72000 93.84000 93.72000 93.52000 93.40000 93.11000 93.03000 92.70000 92.51000 91.94000 92.05000 91.77000 91.42000 91.06000 90.73000 90.28000 89.82000 89.58000
93.68000 93.68000 93.82000 93.88000 93.67000 93.54000 93.49000 93.20000 93.41000 93.15000 92.74000 92.32000 92.18000 91.89000 91.71000 91.30000 90.94000 90.68000 90.45000 89.82000 89.50000
93.68000 93.81000 93.79000 93.84000 93.71000 93.56000 93.19000 93.37000 93.19000 92.94000 92.75000 92.60000 92.28000 92.04000 91.83000 91.12000 90.78000 90.63000 90.38000 90.20000 89.53000
93.68000 93.73000 93.83000 93.81000 93.71000 93.57000 93.58000 93.46000 93.25000 93.08000 92.74000 92.42000 92.18000 91.86000 91.75000 91.47000 90.75000 90.70000 90.39000 89.58000 89.26000
93.68000 93.83000 93.90000 93.71000 93.74000 93.75000 93.62000 93.17000 93.20000 92.92000 92.88000 92.54000 92.13000 92.17000 91.50000 91.21000 90.93000 90.58000 90.31000 89.63000 89.71000
93.68000 93.73000 93.86000 93.64000 93.68000 93.61000 93.40000 93.30000 93.13000 92.85000 92.64000 92.53000 92.22000 91.90000 91.65000 91.18000 90.86000 90.53000 90.38000 89.79000 89.45000
93.68000 93.83000 94.00000 93.75000 93.82000 93.50000 93.41000 93.42000 93.13000 92.92000 92.68000 92.55000 92.43000 92.14000 91.67000 91.19000 90.87000 90.82000 90.37000 89.96000 89.29000
93.68000 93.67000 93.78000 93.72000 93.79000 93.41000 93.30000 93.26000 93.21000 93.05000 92.74000 92.27000 92.29000 91.92000 91.39000 91.52000 91.03000 90.51000 90.18000 89.76000 89.56000
93.68000 93.71000 93.90000 93.73000 93.78000 93.56000 93.38000 93.40000 93.14000 92.98000 92.84000 92.55000 92.08000 91.94000 91.44000 91.50000 91.17000 90.78000 90.22000 90.10000 89.45000
93.68000 93.74000 93.86000 93.77000 93.62000 93.70000 93.46000 93.41000 93.14000 92.80000 92.79000 92.77000 92.00000 91.74000 91.79000 91.36000 90.98000 90.62000 90.42000 89.90000 89.42000
93.68000 93.78000 93.84000 93.72000 93.66000 93.70000 93.64000 93.22000 93.18000 92.88000 92.83000 92.32000 92.15000 91.99000 91.35000 91.26000 91.15000 90.87000 90.62000 89.97000 89.44000
93.68000 93.81000 93.85000 93.62000 93.85000 93.63000 93.57000 93.31000 93.09000 93.00000 92.68000 92.33000 92.22000 92.14000 91.53000 91.43000 91.12000 90.50000 90.15000 90.21000 89.88000
93.68000 93.77000 93.75000 93.69000 93.46000 93.60000 93.38000 93.51000 93.27000 92.97000 92.67000 92.17000 92.17000 91.87000 91.43000 91.32000 91.18000 90.93000 90.47000 89.74000 89.64000
93.68000 93.72000 93.81000 93.78000 93.70000 93.51000 93.53000 93.37000 92.91000 92.99000 92.75000 92.61000 92.11000 91.68000 91.75000 91.49000 91.24000 90.74000 90.32000 89.93000 89.33000
93.68000 93.80000 93.84000 93.90000 93.70000 93.62000 93.42000 93.28000 93.08000 92.96000 92.76000 92.53000 92.28000 92.08000 91.92000 91.47000 90.90000 90.30000 90.31000 90.00000 89.61000
93.68000 93.84000 93.90000 93.81000 93.75000 93.60000 93.35000 93.45000 93.27000 92.75000 92.57000 92.55000 92.41000 91.96000 91.59000 91.35000 90.98000 90.63000 90.40000 90.01000 89.74000
93.68000 93.78000 93.73000 93.86000 93.69000 93.59000 93.47000 93.22000 93.32000 92.98000 92.92000 92.37000 92.12000 91.88000 91.81000 91.37000 91.06000 90.63000 90.40000 90.21000 89.49000
93.68000 93.72000 93.98000 93.88000 93.73000 93.59000 93.49000 93.46000 93.00000 93.13000 92.84000 92.13000 92.13000 91.87000 91.68000 91.28000 90.84000 91.09000 90.20000 89.87000 89.37000
93.68000 93.69000 93.86000 93.53000 93.68000 93.67000 93.53000 93.48000 93.14000 92.93000 92.76000 92.26000 92.23000 91.82000 91.58000 91.44000 91.08000 90.46000 90.46000 89.92000 89.56000
