0.00000 0.05000 0.10000 0.15000 0.20000 0.25000 0.30000 0.35000 0.40000 0.45000 0.50000 0.55000 0.60000 0.65000 0.70000 0.75000 0.80000 0.85000 0.90000 0.95000 1.00000
96.92000 96.87000 96.84000 96.79000 96.70000 96.36000 95.72000 93.65000 89.79000 84.72000 78.84000 71.20000 62.96000 54.29000 45.59000 39.08000 33.71000 28.61000 25.43000 23.06000 20.11000
96.92000 96.87000 96.88000 96.77000 96.73000 96.43000 95.60000 93.69000 89.43000 84.50000 78.73000 71.35000 62.70000 53.21000 45.43000 39.12000 33.30000 29.23000 25.76000 22.64000 20.51000
96.92000 96.87000 96.82000 96.84000 96.77000 96.39000 95.65000 93.57000 89.64000 84.50000 78.69000 71.08000 62.58000 53.91000 45.61000 38.83000 33.38000 28.71000 24.42000 22.42000 20.18000
96.92000 96.90000 96.79000 96.83000 96.78000 96.36000 95.60000 93.60000 89.62000 84.68000 78.70000 71.46000 62.29000 54.09000 45.58000 38.43000 33.15000 28.99000 25.31000 22.89000 20.35000
96.92000 96.86000 96.80000 96.85000 96.70000 96.48000 95.61000 93.59000 89.54000 84.80000 78.57000 71.35000 62.60000 53.75000 45.43000 38.34000 33.11000 29.07000 25.48000 22.24000 20.24000
96.92000 96.87000 96.86000 96.82000 96.71000 96.44000 95.53000 93.69000 89.48000 84.66000 78.67000 70.76000 62.83000 53.54000 45.46000 39.00000 33.75000 28.97000 25.17000 22.35000 20.48000
96.92000 96.84000 96.84000 96.73000 96.73000 96.44000 95.67000 93.80000 89.40000 84.32000 78.82000 71.39000 62.02000 54.06000 45.61000 38.50000 33.25000 29.38000 25.16000 22.59000 19.97000
96.92000 96.89000 96.85000 96.76000 96.72000 96.46000 95.50000 93.48000 89.88000 84.42000 78.50000 71.00000 63.02000 53.60000 45.54000 38.90000 33.18000 29.29000 25.44000 22.43000 20.32000
96.92000 96.81000 96.79000 96.89000 96.70000 96.46000 95.71000 93.47000 89.41000 84.71000 78.69000 70.67000 62.45000 53.77000 45.43000 38.97000 33.36000 28.78000 24.67000 22.15000 20.26000
96.92000 96.86000 96.91000 96.83000 96.66000 96.37000 95.67000 93.55000 89.54000 84.43000 78.62000 71.06000 62.79000 53.67000 45.97000 38.71000 33.64000 28.68000 25.25000 22.56000 20.54000
96.92000 96.84000 96.78000 96.85000 96.76000 96.36000 95.65000 93.61000 89.58000 84.51000 79.10000 71.44000 62.31000 53.86000 45.64000 38.53000 33.37000 29.08000 25.59000 22.54000 20.30000
96.92000 96.85000 96.85000 96.87000 96.72000 96.37000 95.60000 93.56000 89.41000 84.48000 78.72000 71.34000 62.34000 53.64000 45.98000 38.73000 32.66000 28.59000 24.86000 22.26000 20.18000
96.92000 96.81000 96.75000 96.76000 96.66000 96.41000 95.67000 93.62000 89.44000 84.63000 78.87000 71.20000 62.69000 53.72000 45.54000 38.61000 33.58000 28.77000 24.97000 22.14000 20.50000
96.92000 96.86000 96.81000 96.86000 96.73000 96.37000 95.69000 93.50000 89.47000 84.58000 78.48000 71.34000 62.70000 53.84000 46.31000 38.64000 33.98000 29.22000 25.76000 22.32000 20.43000
96.92000 96.86000 96.80000 96.88000 96.66000 96.38000 95.61000 93.68000 89.78000 84.47000 78.52000 71.10000 62.58000 53.64000 45.55000 38.72000 32.90000 28.76000 25.33000 22.30000 20.05000
96.92000 96.90000 96.88000 96.73000 96.71000 96.37000 95.56000 93.53000 89.51000 84.25000 78.66000 70.76000 62.36000 54.12000 45.15000 38.81000 33.42000 28.98000 25.48000 22.54000 19.98000
96.92000 96.88000 96.77000 96.78000 96.70000 96.39000 95.63000 93.89000 89.53000 84.56000 78.90000 71.08000 62.43000 53.87000 45.60000 38.69000 32.97000 29.67000 25.53000 22.81000 20.23000
96.92000 96.81000 96.84000 96.77000 96.82000 96.37000 95.67000 93.71000 89.58000 84.68000 78.67000 70.92000 62.71000 53.72000 45.89000 39.05000 32.64000 29.04000 25.02000 22.66000 20.26000
96.92000 96.91000 96.85000 96.87000 96.68000 96.58000 95.56000 93.69000 89.35000 84.73000 78.78000 70.97000 62.18000 53.61000 45.47000 38.14000 33.09000 28.75000 24.75000 22.56000 20.17000
96.92000 96.81000 96.86000 96.78000 96.66000 96.32000 95.52000 93.38000 89.68000 84.66000 78.79000 70.69000 62.96000 53.65000 45.68000 38.69000 33.46000 29.38000 25.16000 22.50000 19.95000
