# epoch | tr.acc. | te.acc. | tr.loss | te.loss
0.00000 93.73833 93.45000 1.25243 1.24462
1.00000 95.16000 95.07000 0.93405 0.94915
2.00000 95.82167 95.35000 0.80128 0.83648
3.00000 96.47167 95.68000 0.70282 0.75647
4.00000 96.89000 96.00000 0.64573 0.71374
5.00000 97.23667 96.19000 0.60278 0.68480
6.00000 97.47833 96.42000 0.57888 0.66732
7.00000 97.56333 96.48000 0.54775 0.64084
8.00000 97.76833 96.50000 0.52645 0.63771
9.00000 97.81167 96.58000 0.51062 0.62255
10.00000 97.91167 96.60000 0.48911 0.60646
11.00000 97.98333 96.64000 0.47862 0.60185
12.00000 98.07833 96.74000 0.46708 0.59391
13.00000 98.23000 96.85000 0.45282 0.58542
14.00000 98.26000 96.79000 0.45560 0.59657
15.00000 98.26167 96.82000 0.43903 0.58256
16.00000 98.31500 96.92000 0.42887 0.58017
17.00000 98.35667 96.87000 0.41922 0.57347
18.00000 98.44333 96.98000 0.40993 0.57086
19.00000 98.48333 97.01000 0.40559 0.56492
20.00000 98.54667 96.98000 0.40256 0.57064
21.00000 98.54500 97.04000 0.39026 0.55561
22.00000 98.63833 96.92000 0.38378 0.55821
23.00000 98.65000 96.90000 0.38737 0.56555
24.00000 98.72500 97.03000 0.37760 0.55941
25.00000 98.69833 97.06000 0.37282 0.55739
26.00000 98.76500 96.95000 0.36611 0.55349
27.00000 98.77167 96.98000 0.36470 0.55892
28.00000 98.77500 97.00000 0.36769 0.56183
29.00000 98.83833 96.93000 0.36026 0.55680
30.00000 98.85500 96.96000 0.35750 0.56169
31.00000 98.87167 97.03000 0.35957 0.56710
32.00000 98.90833 97.12000 0.34796 0.55672
33.00000 98.89500 97.01000 0.34569 0.56142
34.00000 98.94500 97.09000 0.34324 0.56741
35.00000 98.93000 96.89000 0.34030 0.56030
36.00000 98.98000 96.91000 0.33959 0.56256
37.00000 98.98667 96.92000 0.33369 0.55996
38.00000 98.99833 97.02000 0.32959 0.55837
39.00000 99.02667 96.99000 0.32819 0.55914
40.00000 99.03500 96.90000 0.32675 0.56153
41.00000 99.04333 96.90000 0.32851 0.56848
42.00000 99.03000 96.90000 0.32098 0.56042
43.00000 99.06000 96.93000 0.31916 0.56304
44.00000 99.09333 96.78000 0.31842 0.56936
45.00000 99.03333 96.86000 0.32289 0.57227
46.00000 99.08500 97.01000 0.31535 0.56588
47.00000 99.05667 96.81000 0.31434 0.57439
48.00000 99.13833 96.94000 0.30965 0.56727
49.00000 99.11000 96.92000 0.30902 0.57202
