0.00000 0.05000 0.10000 0.15000 0.20000 0.25000 0.30000 0.35000 0.40000 0.45000 0.50000 0.55000 0.60000 0.65000 0.70000 0.75000 0.80000 0.85000 0.90000 0.95000 1.00000
96.97000 97.06000 97.07000 97.00000 96.83000 96.62000 96.71000 96.35000 96.27000 95.84000 95.83000 95.28000 95.02000 94.66000 94.31000 93.70000 93.14000 92.61000 92.22000 91.46000 91.41000
96.97000 97.14000 97.02000 96.99000 96.85000 96.76000 96.55000 96.33000 96.17000 96.08000 95.77000 95.06000 94.99000 94.64000 94.15000 93.68000 93.43000 92.73000 91.92000 91.53000 91.11000
96.97000 97.06000 97.02000 96.90000 96.85000 96.61000 96.52000 96.43000 96.22000 95.79000 95.72000 95.47000 94.86000 94.67000 94.27000 93.66000 92.95000 92.83000 92.28000 91.45000 90.88000
96.97000 97.07000 97.05000 96.89000 96.86000 96.69000 96.47000 96.47000 96.32000 95.99000 95.70000 95.42000 95.08000 94.47000 94.29000 93.69000 93.19000 92.61000 92.19000 91.85000 90.73000
96.97000 97.10000 97.00000 96.99000 96.93000 96.90000 96.48000 96.42000 96.18000 95.98000 95.54000 95.40000 95.16000 94.60000 94.19000 93.54000 93.19000 92.88000 92.34000 91.53000 91.02000
96.97000 97.04000 97.05000 96.95000 96.87000 96.65000 96.62000 96.34000 96.23000 95.84000 95.46000 95.29000 95.11000 94.90000 94.28000 93.51000 93.08000 92.70000 92.21000 91.70000 91.06000
96.97000 97.06000 97.01000 96.96000 96.88000 96.73000 96.56000 96.31000 96.15000 96.00000 95.53000 95.25000 94.88000 94.57000 94.33000 93.87000 93.01000 92.44000 92.12000 91.59000 91.20000
96.97000 97.09000 97.00000 96.89000 97.02000 96.82000 96.56000 96.35000 96.16000 96.11000 95.55000 95.39000 95.10000 94.75000 93.91000 93.64000 93.06000 92.91000 92.26000 91.66000 91.14000
96.97000 97.11000 96.91000 96.92000 97.07000 96.75000 96.64000 96.49000 96.28000 95.91000 95.72000 95.34000 94.88000 94.45000 94.15000 93.66000 93.21000 92.50000 92.11000 91.55000 90.96000
96.97000 97.06000 96.97000 96.99000 96.81000 96.73000 96.50000 96.35000 96.11000 95.90000 95.68000 95.37000 95.01000 94.44000 94.18000 93.75000 93.16000 92.58000 92.37000 91.55000 91.26000
96.97000 97.10000 97.09000 96.93000 96.86000 96.87000 96.73000 96.41000 96.09000 95.99000 95.75000 95.20000 94.98000 94.64000 94.09000 93.64000 93.26000 92.68000 92.18000 91.83000 91.01000
96.97000 97.02000 97.03000 96.97000 96.97000 96.70000 96.59000 96.36000 96.27000 96.02000 95.62000 95.45000 94.98000 94.47000 94.05000 93.51000 93.07000 92.81000 91.93000 91.57000 91.32000
96.97000 97.10000 96.98000 96.96000 96.88000 96.73000 96.61000 96.43000 96.22000 95.90000 95.55000 95.32000 95.00000 94.44000 94.28000 93.81000 93.04000 92.57000 92.29000 91.77000 90.93000
96.97000 97.05000 97.09000 97.00000 96.78000 96.74000 96.54000 96.37000 96.16000 95.97000 95.64000 95.24000 95.10000 94.75000 94.19000 93.91000 93.23000 92.66000 92.30000 91.62000 91.36000
96.97000 97.07000 97.04000 96.95000 96.87000 96.82000 96.65000 96.41000 96.15000 96.02000 95.51000 95.31000 95.04000 94.65000 94.06000 93.85000 93.24000 92.56000 92.28000 91.40000 91.04000
96.97000 97.06000 97.01000 96.95000 96.94000 96.67000 96.54000 96.35000 96.16000 96.00000 95.59000 95.36000 94.81000 94.58000 94.27000 93.64000 93.30000 92.63000 91.95000 91.85000 91.14000
96.97000 97.10000 97.10000 96.93000 96.89000 96.86000 96.62000 96.41000 96.26000 95.97000 95.65000 95.49000 95.12000 94.60000 94.15000 93.57000 93.18000 92.99000 92.23000 91.56000 91.26000
96.97000 97.14000 97.02000 97.03000 96.67000 96.73000 96.65000 96.60000 96.34000 95.88000 95.77000 95.20000 94.84000 94.51000 94.27000 93.74000 93.25000 92.77000 92.42000 91.64000 91.11000
96.97000 97.00000 97.18000 96.96000 96.89000 96.68000 96.46000 96.37000 96.09000 95.87000 95.55000 95.39000 95.03000 94.43000 94.26000 93.89000 93.29000 92.89000 91.98000 91.97000 91.21000
96.97000 97.06000 97.14000 96.94000 96.99000 96.67000 96.63000 96.42000 96.13000 95.97000 95.72000 95.48000 95.24000 94.70000 93.92000 93.87000 93.02000 92.76000 92.41000 91.32000 91.06000
