# epoch | tr.acc. | te.acc. | tr.loss | te.loss
0.00000 88.40000 88.74000 2.45549 2.41550
1.00000 90.17833 90.34000 1.76039 1.72748
2.00000 90.79667 90.90000 1.53794 1.52280
3.00000 91.29000 91.08000 1.41929 1.41433
4.00000 91.64000 91.66000 1.34441 1.34270
5.00000 91.90167 91.87000 1.28065 1.28182
6.00000 92.12500 92.07000 1.23509 1.23963
7.00000 92.42000 92.12000 1.19762 1.20879
8.00000 92.62000 92.46000 1.16752 1.18462
9.00000 92.67667 92.27000 1.14225 1.15789
10.00000 92.84000 92.41000 1.11697 1.14258
11.00000 93.01667 92.61000 1.10147 1.13083
12.00000 93.09333 92.74000 1.07953 1.10769
13.00000 93.18500 92.61000 1.05492 1.08616
14.00000 93.19333 92.50000 1.04699 1.08419
15.00000 93.31000 92.80000 1.02691 1.06786
16.00000 93.39833 92.72000 1.00598 1.05429
17.00000 93.42833 92.76000 0.99685 1.03997
18.00000 93.48333 92.79000 0.98382 1.03274
19.00000 93.58167 92.91000 0.98029 1.02768
20.00000 93.59500 93.08000 0.96622 1.01605
21.00000 93.59000 92.78000 0.95729 1.01237
22.00000 93.68167 92.90000 0.94935 1.00241
23.00000 93.66667 92.93000 0.94273 1.00341
24.00000 93.66667 92.69000 0.93905 0.99963
25.00000 93.73000 92.81000 0.92600 0.98799
26.00000 93.77000 92.77000 0.92254 0.98757
27.00000 93.69833 92.92000 0.90987 0.97256
28.00000 93.86000 93.06000 0.89947 0.96921
29.00000 93.76833 93.05000 0.89133 0.95489
30.00000 93.89333 93.06000 0.88050 0.95143
31.00000 93.92667 93.07000 0.86915 0.94100
32.00000 93.91000 93.07000 0.86278 0.92778
33.00000 93.99000 93.27000 0.85940 0.92782
34.00000 94.05333 93.14000 0.85629 0.92825
35.00000 93.86333 93.12000 0.85338 0.92293
36.00000 93.95167 93.05000 0.84699 0.91902
37.00000 93.92833 92.89000 0.84580 0.93087
38.00000 93.92500 93.02000 0.84262 0.92225
39.00000 94.08167 93.06000 0.83445 0.91341
40.00000 94.01167 92.86000 0.83893 0.92647
41.00000 94.05500 92.98000 0.83160 0.91990
42.00000 94.03833 92.94000 0.83150 0.92051
43.00000 94.18167 93.24000 0.82122 0.90664
44.00000 94.16333 93.25000 0.82344 0.91177
45.00000 94.18333 93.13000 0.81844 0.90708
46.00000 94.20833 93.15000 0.81618 0.91309
47.00000 94.13167 93.10000 0.81279 0.90884
48.00000 94.09500 92.98000 0.80994 0.90822
49.00000 94.12500 93.03000 0.80920 0.90853
