0.00000 0.05000 0.10000 0.15000 0.20000 0.25000 0.30000 0.35000 0.40000 0.45000 0.50000 0.55000 0.60000 0.65000 0.70000 0.75000 0.80000 0.85000 0.90000 0.95000 1.00000
96.82000 96.78000 96.75000 96.70000 96.58000 96.65000 96.34000 95.97000 95.79000 95.21000 95.10000 94.53000 94.10000 93.69000 93.15000 92.54000 91.52000 91.25000 89.86000 89.20000 88.55000
96.82000 96.70000 96.88000 96.79000 96.69000 96.54000 96.28000 96.37000 95.69000 95.45000 95.09000 94.78000 94.00000 93.78000 93.00000 92.22000 91.30000 91.03000 90.49000 89.09000 88.51000
96.82000 96.78000 96.71000 96.82000 96.58000 96.52000 96.24000 96.03000 95.70000 95.36000 95.02000 94.56000 94.08000 93.89000 92.95000 92.54000 91.79000 91.16000 90.10000 89.26000 88.31000
96.82000 96.87000 96.78000 96.70000 96.58000 96.44000 96.25000 95.98000 95.84000 95.38000 95.11000 94.51000 94.21000 93.76000 93.27000 92.22000 91.65000 90.94000 90.10000 89.41000 88.46000
96.82000 96.82000 96.80000 96.81000 96.53000 96.47000 96.31000 96.03000 95.70000 95.29000 95.13000 94.63000 94.34000 93.84000 93.10000 92.53000 91.62000 90.85000 90.57000 89.37000 88.81000
96.82000 96.77000 96.73000 96.73000 96.54000 96.54000 96.29000 96.03000 95.64000 95.49000 95.09000 94.76000 93.91000 94.09000 92.93000 92.54000 91.46000 90.71000 90.44000 89.66000 88.51000
96.82000 96.84000 96.86000 96.69000 96.61000 96.51000 96.22000 96.11000 95.86000 95.55000 95.39000 94.84000 94.33000 93.86000 93.14000 92.44000 91.60000 90.77000 90.22000 89.35000 88.61000
96.82000 96.86000 96.76000 96.70000 96.55000 96.44000 96.34000 95.92000 95.64000 95.37000 95.06000 94.64000 94.28000 93.61000 93.20000 92.31000 91.38000 91.25000 89.96000 89.44000 88.66000
96.82000 96.77000 96.80000 96.74000 96.54000 96.43000 96.38000 96.01000 95.70000 95.62000 95.22000 94.59000 94.02000 93.86000 93.30000 92.32000 91.71000 90.97000 90.55000 89.59000 88.74000
96.82000 96.80000 96.85000 96.68000 96.74000 96.42000 96.12000 95.97000 95.85000 95.60000 94.96000 94.80000 94.16000 93.63000 93.04000 92.28000 91.42000 91.14000 90.32000 89.65000 88.97000
96.82000 96.83000 96.79000 96.62000 96.64000 96.39000 96.25000 95.99000 95.65000 95.59000 95.09000 94.62000 94.17000 93.63000 92.99000 92.72000 91.99000 91.07000 90.00000 89.52000 88.35000
96.82000 96.80000 96.72000 96.81000 96.52000 96.45000 96.07000 95.98000 95.90000 95.46000 95.16000 94.70000 94.17000 93.71000 93.37000 92.46000 91.72000 91.18000 90.46000 89.36000 88.70000
96.82000 96.78000 96.80000 96.66000 96.61000 96.39000 96.30000 96.19000 95.89000 95.47000 95.25000 94.86000 94.15000 93.76000 93.10000 92.14000 91.83000 91.10000 90.11000 89.32000 88.47000
96.82000 96.84000 96.85000 96.72000 96.62000 96.47000 96.12000 95.90000 95.85000 95.40000 95.36000 94.78000 94.17000 93.75000 93.34000 92.33000 92.05000 90.93000 90.17000 88.92000 88.71000
96.82000 96.78000 96.79000 96.57000 96.56000 96.49000 96.26000 95.92000 95.76000 95.46000 95.07000 94.73000 93.96000 93.85000 93.30000 92.47000 91.70000 91.30000 90.17000 89.19000 88.46000
96.82000 96.77000 96.87000 96.79000 96.66000 96.60000 96.26000 96.14000 95.73000 95.22000 95.06000 94.62000 94.35000 93.94000 93.18000 92.05000 91.98000 90.94000 89.96000 89.44000 88.59000
96.82000 96.81000 96.77000 96.80000 96.65000 96.50000 96.20000 96.05000 95.61000 95.30000 95.31000 94.77000 94.11000 93.61000 93.01000 92.59000 91.66000 90.99000 90.19000 89.34000 88.68000
96.82000 96.87000 96.83000 96.73000 96.77000 96.35000 96.30000 96.11000 95.55000 95.64000 95.27000 94.49000 94.00000 93.54000 92.98000 92.51000 91.67000 91.16000 90.48000 89.17000 88.86000
96.82000 96.73000 96.85000 96.71000 96.62000 96.47000 96.25000 95.98000 95.73000 95.46000 95.08000 94.90000 94.22000 93.59000 92.89000 92.87000 91.72000 90.84000 90.29000 89.41000 88.39000
96.82000 96.82000 96.75000 96.74000 96.66000 96.46000 96.20000 96.14000 95.83000 95.54000 95.05000 94.78000 94.32000 93.75000 93.33000 92.36000 91.52000 91.02000 90.27000 89.46000 88.82000
