# epoch | tr.acc. | te.acc. | tr.loss | te.loss
0.00000 86.87333 87.83000 2.63610 2.59374
1.00000 89.14000 89.53000 2.13214 2.09563
2.00000 91.61000 91.76000 1.66649 1.63982
3.00000 92.99000 93.25000 1.38443 1.36471
4.00000 93.90167 94.00000 1.20434 1.19643
5.00000 94.38833 94.33000 1.09167 1.08802
6.00000 94.87333 94.81000 1.01118 1.01414
7.00000 95.25667 95.08000 0.94034 0.95073
8.00000 95.65000 95.15000 0.88986 0.90801
9.00000 95.91167 95.42000 0.84490 0.86372
10.00000 96.10833 95.59000 0.81105 0.83832
11.00000 96.38833 95.73000 0.78491 0.81363
12.00000 96.52167 95.95000 0.75937 0.79389
13.00000 96.57500 95.92000 0.73730 0.77620
14.00000 96.74333 95.99000 0.70921 0.75216
15.00000 96.82833 96.14000 0.69934 0.74587
16.00000 96.88500 96.10000 0.68215 0.73419
17.00000 96.97500 96.20000 0.66823 0.72211
18.00000 97.04167 96.14000 0.65452 0.71110
19.00000 97.15333 96.37000 0.64444 0.70481
20.00000 97.22833 96.38000 0.63636 0.69788
21.00000 97.31000 96.44000 0.63018 0.69491
22.00000 97.32500 96.47000 0.61557 0.68569
23.00000 97.37333 96.60000 0.61435 0.68677
24.00000 97.42667 96.52000 0.60868 0.68420
25.00000 97.47167 96.49000 0.59493 0.67240
26.00000 97.49000 96.46000 0.59787 0.67832
27.00000 97.50833 96.55000 0.58407 0.66512
28.00000 97.57000 96.54000 0.58013 0.66640
29.00000 97.60167 96.62000 0.58233 0.66866
30.00000 97.62000 96.60000 0.56658 0.65587
31.00000 97.68833 96.75000 0.56541 0.65422
32.00000 97.70833 96.66000 0.55967 0.65091
33.00000 97.77167 96.69000 0.55176 0.64448
34.00000 97.76167 96.69000 0.54778 0.64454
35.00000 97.79500 96.64000 0.54439 0.64406
36.00000 97.80667 96.74000 0.53975 0.63974
37.00000 97.82500 96.67000 0.54476 0.64793
38.00000 97.86167 96.69000 0.53619 0.64345
39.00000 97.87667 96.75000 0.53114 0.63699
40.00000 97.95167 96.65000 0.52654 0.63413
41.00000 97.95667 96.83000 0.52611 0.63570
42.00000 97.97667 96.75000 0.51795 0.62978
43.00000 98.03000 96.80000 0.51523 0.62962
44.00000 98.01167 96.77000 0.51377 0.62531
45.00000 98.03167 96.66000 0.51842 0.63792
46.00000 98.07833 96.84000 0.51587 0.63381
47.00000 98.07000 96.79000 0.50333 0.62277
48.00000 98.09167 96.74000 0.50697 0.62787
49.00000 98.09333 96.82000 0.50320 0.62374
