0.00000 0.05000 0.10000 0.15000 0.20000 0.25000 0.30000 0.35000 0.40000 0.45000 0.50000 0.55000 0.60000 0.65000 0.70000 0.75000 0.80000 0.85000 0.90000 0.95000 1.00000
96.60000 96.51000 96.36000 96.24000 96.09000 95.99000 95.54000 95.61000 95.19000 95.07000 94.68000 94.45000 94.05000 93.97000 93.53000 93.69000 92.84000 92.68000 92.51000 92.27000 91.95000
96.60000 96.53000 96.30000 96.15000 95.98000 96.01000 95.57000 95.37000 95.28000 95.16000 94.60000 94.45000 94.10000 93.77000 93.52000 93.33000 93.12000 92.92000 92.30000 92.19000 91.95000
96.60000 96.57000 96.45000 96.28000 96.09000 95.90000 95.65000 95.38000 95.13000 94.74000 94.67000 94.38000 93.92000 93.78000 93.75000 93.46000 92.99000 92.98000 92.52000 92.32000 92.32000
96.60000 96.45000 96.35000 96.27000 96.03000 96.18000 95.73000 95.39000 95.31000 95.06000 94.47000 94.42000 93.84000 93.69000 93.57000 93.16000 93.17000 92.80000 92.44000 92.20000 91.51000
96.60000 96.54000 96.49000 96.30000 95.92000 95.89000 95.66000 95.66000 95.08000 95.17000 94.86000 94.69000 94.32000 93.82000 93.26000 93.33000 93.45000 93.15000 92.66000 92.03000 92.18000
96.60000 96.51000 96.30000 96.36000 96.09000 95.99000 95.63000 95.63000 95.23000 95.05000 94.78000 94.37000 94.22000 93.88000 93.62000 92.96000 93.04000 92.93000 92.31000 92.18000 91.99000
96.60000 96.61000 96.40000 96.20000 96.13000 95.78000 95.60000 95.37000 95.21000 94.69000 94.66000 94.23000 94.16000 94.11000 93.97000 93.10000 93.01000 92.79000 92.75000 92.35000 92.16000
96.60000 96.38000 96.42000 96.19000 96.08000 95.93000 95.62000 95.53000 94.96000 94.73000 94.91000 94.32000 94.14000 94.29000 93.88000 93.54000 92.73000 92.86000 92.28000 92.47000 91.71000
96.60000 96.52000 96.26000 96.12000 96.03000 95.63000 95.76000 95.39000 95.04000 95.21000 94.76000 94.32000 93.78000 94.00000 93.60000 93.39000 92.97000 92.81000 92.22000 92.28000 92.12000
96.60000 96.51000 96.43000 96.27000 95.95000 95.83000 95.78000 95.41000 95.35000 95.11000 94.60000 94.50000 94.06000 94.03000 93.80000 93.24000 92.92000 93.10000 92.43000 92.31000 91.90000
96.60000 96.49000 96.33000 96.34000 96.16000 96.03000 95.64000 95.47000 94.95000 94.90000 94.75000 94.32000 94.27000 93.94000 93.69000 93.45000 93.06000 92.66000 92.54000 92.58000 92.18000
96.60000 96.43000 96.42000 96.30000 96.24000 96.09000 95.68000 95.56000 95.28000 94.74000 94.47000 94.43000 94.00000 93.77000 93.62000 93.37000 92.97000 92.64000 92.71000 92.53000 92.04000
96.60000 96.52000 96.35000 96.24000 95.97000 95.93000 95.72000 95.49000 95.20000 94.76000 94.74000 94.35000 94.17000 94.14000 93.52000 93.29000 93.17000 92.45000 91.96000 92.16000 92.27000
96.60000 96.43000 96.46000 96.22000 96.11000 95.78000 95.43000 95.44000 95.28000 95.21000 94.76000 94.34000 94.16000 93.92000 93.49000 93.36000 92.86000 92.83000 92.44000 92.13000 91.74000
96.60000 96.49000 96.40000 96.12000 96.04000 95.84000 95.64000 95.64000 95.27000 95.11000 94.80000 94.51000 94.21000 93.66000 93.62000 93.22000 93.37000 92.94000 92.41000 92.63000 91.77000
96.60000 96.54000 96.30000 96.22000 96.18000 95.89000 95.72000 95.41000 95.33000 94.95000 94.68000 94.47000 94.54000 93.71000 93.51000 93.41000 93.25000 92.71000 92.66000 92.21000 91.93000
96.60000 96.41000 96.27000 96.22000 96.20000 95.90000 95.78000 95.53000 95.11000 94.95000 94.88000 94.46000 94.05000 93.85000 93.56000 93.30000 92.99000 92.49000 92.49000 92.24000 91.75000
96.60000 96.55000 96.35000 96.06000 96.01000 95.90000 95.83000 95.56000 95.48000 95.07000 94.82000 94.46000 94.07000 93.79000 93.74000 93.14000 93.06000 92.74000 92.34000 92.06000 91.83000
96.60000 96.50000 96.33000 96.31000 96.10000 95.85000 95.57000 95.43000 95.25000 94.75000 94.78000 94.56000 94.24000 93.95000 93.51000 93.43000 92.82000 92.47000 92.85000 91.91000 92.08000
96.60000 96.47000 96.31000 96.22000 96.02000 96.00000 95.73000 95.48000 95.35000 94.95000 94.81000 94.41000 94.06000 94.05000 93.60000 93.48000 92.81000 92.66000 92.33000 92.13000 91.71000
