0.00000 0.05000 0.10000 0.15000 0.20000 0.25000 0.30000 0.35000 0.40000 0.45000 0.50000 0.55000 0.60000 0.65000 0.70000 0.75000 0.80000 0.85000 0.90000 0.95000 1.00000
96.60000 96.41000 96.41000 96.41000 96.48000 96.46000 96.37000 96.30000 96.06000 95.61000 95.19000 93.90000 92.52000 90.62000 87.52000 84.18000 80.74000 76.64000 71.78000 68.31000 63.00000
96.60000 96.50000 96.41000 96.38000 96.52000 96.53000 96.49000 96.33000 96.05000 95.92000 95.03000 94.26000 92.41000 90.36000 87.83000 84.58000 80.94000 76.15000 72.13000 68.12000 63.06000
96.60000 96.46000 96.43000 96.44000 96.54000 96.48000 96.51000 96.28000 96.24000 95.70000 95.15000 93.78000 92.59000 90.52000 87.50000 84.55000 81.04000 76.13000 72.45000 67.47000 63.04000
96.60000 96.46000 96.47000 96.39000 96.47000 96.48000 96.46000 96.27000 96.03000 95.61000 95.10000 94.06000 92.27000 90.48000 87.76000 84.30000 80.39000 76.36000 72.40000 68.15000 63.12000
96.60000 96.44000 96.41000 96.42000 96.54000 96.48000 96.34000 96.36000 96.03000 95.66000 95.11000 93.85000 92.42000 90.16000 87.71000 84.87000 80.66000 77.16000 71.63000 67.93000 63.13000
96.60000 96.45000 96.44000 96.44000 96.42000 96.42000 96.42000 96.37000 96.26000 95.89000 95.19000 94.07000 92.43000 90.33000 87.31000 84.71000 80.48000 76.61000 72.05000 67.98000 63.53000
96.60000 96.51000 96.44000 96.49000 96.42000 96.51000 96.43000 96.44000 96.27000 95.69000 95.06000 93.78000 93.12000 90.23000 87.91000 84.20000 80.62000 76.56000 72.80000 67.99000 64.26000
96.60000 96.44000 96.40000 96.35000 96.40000 96.46000 96.42000 96.42000 96.16000 95.74000 95.08000 94.10000 92.46000 90.13000 87.18000 84.45000 81.07000 76.69000 71.81000 68.11000 63.21000
96.60000 96.51000 96.48000 96.41000 96.43000 96.46000 96.56000 96.39000 96.13000 95.71000 95.21000 93.98000 92.51000 90.35000 87.45000 84.62000 80.79000 76.43000 71.47000 67.45000 63.67000
96.60000 96.50000 96.47000 96.38000 96.53000 96.49000 96.42000 96.40000 96.27000 95.61000 95.10000 94.11000 92.36000 90.38000 87.82000 83.62000 80.81000 76.41000 72.24000 67.29000 63.15000
96.60000 96.43000 96.44000 96.41000 96.44000 96.58000 96.37000 96.41000 96.17000 95.69000 95.15000 94.14000 92.58000 90.38000 87.80000 84.69000 80.40000 76.29000 72.18000 67.96000 63.14000
96.60000 96.49000 96.38000 96.46000 96.50000 96.54000 96.40000 96.42000 96.03000 95.70000 95.08000 94.03000 92.30000 90.48000 87.50000 84.60000 80.28000 77.38000 71.90000 67.88000 63.55000
96.60000 96.45000 96.46000 96.46000 96.42000 96.53000 96.33000 96.31000 96.27000 95.57000 94.97000 94.07000 92.36000 90.45000 87.57000 84.16000 80.60000 76.06000 72.06000 67.99000 64.21000
96.60000 96.46000 96.42000 96.51000 96.49000 96.42000 96.36000 96.31000 96.21000 95.72000 95.09000 94.13000 92.43000 90.49000 87.52000 84.44000 80.41000 76.34000 72.50000 67.64000 63.23000
96.60000 96.47000 96.51000 96.50000 96.41000 96.48000 96.47000 96.23000 96.09000 95.84000 94.89000 94.02000 92.48000 90.23000 87.72000 84.35000 80.71000 76.65000 72.61000 67.46000 63.86000
96.60000 96.42000 96.38000 96.52000 96.52000 96.59000 96.35000 96.41000 96.16000 95.67000 95.23000 93.92000 92.54000 90.30000 87.63000 84.04000 80.24000 77.06000 71.88000 67.55000 63.63000
96.60000 96.51000 96.46000 96.43000 96.54000 96.42000 96.49000 96.25000 96.17000 95.72000 95.15000 94.20000 92.48000 90.53000 87.74000 84.59000 81.10000 76.18000 72.35000 67.80000 63.57000
96.60000 96.45000 96.42000 96.43000 96.59000 96.52000 96.60000 96.34000 96.09000 95.58000 95.08000 93.77000 92.47000 90.50000 87.31000 83.81000 80.81000 76.54000 71.84000 68.09000 63.60000
96.60000 96.43000 96.49000 96.39000 96.57000 96.52000 96.58000 96.22000 96.14000 95.71000 95.14000 94.12000 92.40000 89.96000 88.31000 84.49000 80.63000 76.94000 71.99000 67.00000 63.38000
96.60000 96.46000 96.44000 96.47000 96.55000 96.51000 96.40000 96.33000 96.12000 95.95000 95.10000 93.75000 92.55000 90.23000 87.60000 84.52000 80.35000 76.82000 71.34000 68.00000 64.15000
