# epoch | tr.acc. | te.acc. | tr.loss | te.loss
0.00000 87.47167 88.00000 2.49045 2.47130
1.00000 89.64000 90.00000 1.97301 1.95864
2.00000 90.53167 90.78000 1.67702 1.66117
3.00000 91.42667 91.44000 1.49791 1.48688
4.00000 91.96167 91.71000 1.37485 1.36885
5.00000 92.19500 92.11000 1.27448 1.27312
6.00000 92.51000 92.19000 1.20142 1.20139
7.00000 92.65500 92.28000 1.15574 1.16362
8.00000 92.75333 92.37000 1.12076 1.13126
9.00000 92.94000 92.65000 1.09680 1.11309
10.00000 92.98333 92.66000 1.06912 1.08815
11.00000 93.17167 92.80000 1.05508 1.07843
12.00000 93.11000 92.50000 1.04755 1.07142
13.00000 93.22833 92.78000 1.01221 1.04158
14.00000 93.21000 92.66000 0.98960 1.02607
15.00000 93.23500 92.70000 0.97541 1.01339
16.00000 93.38500 92.80000 0.96771 1.00831
17.00000 93.45667 92.84000 0.95328 0.99662
18.00000 93.50667 92.89000 0.94502 0.99354
19.00000 93.48333 92.91000 0.93292 0.98777
20.00000 93.48167 92.79000 0.92710 0.98609
21.00000 93.55167 92.88000 0.92279 0.98026
22.00000 93.46833 92.89000 0.91551 0.97618
23.00000 93.52667 92.78000 0.91116 0.97819
24.00000 93.63500 92.84000 0.90200 0.96980
25.00000 93.68667 92.94000 0.90534 0.97204
26.00000 93.66333 92.99000 0.89273 0.96141
27.00000 93.67667 92.79000 0.89176 0.96345
28.00000 93.66333 92.86000 0.88685 0.96039
29.00000 93.74000 92.92000 0.87905 0.95632
30.00000 93.74833 92.83000 0.87615 0.95928
31.00000 93.64167 92.74000 0.87298 0.96142
32.00000 93.72167 92.83000 0.87639 0.96346
33.00000 93.86667 92.98000 0.86776 0.95575
34.00000 93.77333 92.96000 0.86247 0.94919
35.00000 93.84000 92.80000 0.85921 0.95461
36.00000 93.91833 92.96000 0.85942 0.95490
37.00000 93.73500 92.84000 0.86641 0.96307
38.00000 93.95167 92.98000 0.85329 0.94684
39.00000 93.84167 92.95000 0.85239 0.95066
40.00000 93.75167 92.98000 0.84954 0.95179
41.00000 93.95667 92.93000 0.84555 0.95068
42.00000 93.81833 92.87000 0.84472 0.94531
43.00000 93.94833 92.97000 0.84020 0.94773
44.00000 93.91333 92.95000 0.83461 0.94184
45.00000 93.93667 92.97000 0.83510 0.94216
46.00000 93.83000 92.78000 0.83809 0.94931
47.00000 94.02000 92.89000 0.83442 0.94824
48.00000 93.99333 92.92000 0.83362 0.94950
49.00000 93.92000 92.86000 0.82916 0.94869
