0.00000 0.05000 0.10000 0.15000 0.20000 0.25000 0.30000 0.35000 0.40000 0.45000 0.50000 0.55000 0.60000 0.65000 0.70000 0.75000 0.80000 0.85000 0.90000 0.95000 1.00000
96.67000 96.56000 96.55000 96.70000 96.37000 95.67000 93.11000 87.29000 76.19000 64.58000 53.46000 45.39000 38.20000 32.75000 27.44000 23.08000 19.88000 17.18000 14.92000 13.44000 11.73000
96.67000 96.60000 96.65000 96.64000 96.40000 95.58000 93.13000 87.00000 76.91000 64.35000 54.05000 45.88000 38.20000 32.84000 27.56000 23.52000 20.23000 17.08000 15.02000 13.76000 11.95000
96.67000 96.60000 96.65000 96.64000 96.33000 95.42000 93.31000 87.03000 76.40000 64.08000 53.73000 45.62000 38.30000 32.58000 27.87000 23.53000 20.43000 17.20000 14.98000 13.37000 11.90000
96.67000 96.56000 96.63000 96.63000 96.35000 95.57000 93.14000 86.94000 76.15000 64.23000 53.61000 45.64000 38.71000 32.61000 27.73000 23.36000 20.11000 17.27000 14.82000 13.42000 12.08000
96.67000 96.60000 96.63000 96.69000 96.47000 95.61000 93.45000 87.28000 76.15000 63.69000 53.96000 45.48000 38.08000 32.58000 27.54000 23.25000 20.00000 16.94000 15.08000 13.32000 12.16000
96.67000 96.61000 96.62000 96.75000 96.27000 95.66000 93.35000 87.15000 76.21000 64.11000 53.53000 45.78000 38.51000 32.55000 27.28000 23.32000 20.06000 17.31000 15.13000 13.20000 12.14000
96.67000 96.63000 96.60000 96.60000 96.36000 95.59000 93.29000 87.16000 76.55000 64.19000 54.07000 45.71000 38.37000 32.80000 28.04000 23.22000 20.23000 17.40000 15.12000 13.28000 11.95000
96.67000 96.59000 96.66000 96.61000 96.33000 95.52000 93.26000 86.76000 76.39000 64.00000 53.70000 45.53000 38.03000 32.68000 27.51000 22.94000 20.05000 16.82000 14.87000 13.54000 11.71000
96.67000 96.59000 96.61000 96.63000 96.35000 95.44000 93.37000 87.18000 76.43000 63.95000 53.90000 45.24000 38.52000 32.74000 27.46000 23.44000 19.96000 17.31000 14.88000 13.17000 11.92000
96.67000 96.54000 96.61000 96.70000 96.34000 95.46000 93.34000 87.03000 75.88000 63.61000 54.28000 45.33000 38.36000 32.41000 27.59000 23.43000 20.18000 16.99000 15.08000 13.66000 12.26000
96.67000 96.63000 96.66000 96.54000 96.34000 95.69000 93.13000 86.52000 76.22000 63.75000 53.80000 45.10000 38.40000 32.82000 27.38000 23.91000 19.92000 16.83000 14.95000 12.99000 12.18000
96.67000 96.62000 96.60000 96.62000 96.35000 95.78000 93.28000 87.06000 76.46000 64.09000 53.75000 45.54000 38.39000 32.85000 27.41000 23.16000 20.03000 17.37000 15.24000 13.59000 12.09000
96.67000 96.58000 96.61000 96.67000 96.35000 95.61000 93.39000 86.92000 76.17000 64.13000 53.78000 45.45000 38.42000 32.44000 27.71000 23.23000 20.43000 17.09000 15.07000 13.39000 12.10000
96.67000 96.56000 96.64000 96.68000 96.43000 95.57000 93.36000 87.05000 76.39000 64.32000 53.83000 45.67000 38.24000 32.15000 27.37000 22.93000 19.65000 17.08000 14.80000 13.21000 12.03000
96.67000 96.57000 96.62000 96.73000 96.33000 95.70000 93.09000 86.54000 76.32000 63.65000 53.80000 45.25000 38.55000 32.42000 27.66000 23.55000 20.22000 17.05000 14.93000 13.10000 12.05000
96.67000 96.59000 96.65000 96.66000 96.42000 95.55000 93.19000 87.25000 76.32000 63.80000 53.40000 45.18000 38.47000 32.80000 27.17000 23.67000 20.03000 17.35000 15.14000 13.44000 12.21000
96.67000 96.57000 96.67000 96.75000 96.32000 95.61000 93.39000 86.75000 76.14000 64.18000 53.81000 45.16000 38.64000 32.99000 27.66000 23.23000 19.85000 17.33000 14.88000 13.42000 11.92000
96.67000 96.61000 96.68000 96.74000 96.36000 95.53000 93.13000 86.76000 76.28000 64.31000 53.80000 45.43000 38.59000 32.65000 27.28000 23.86000 20.07000 17.23000 14.60000 13.32000 12.09000
96.67000 96.65000 96.65000 96.67000 96.27000 95.72000 93.34000 87.17000 76.37000 64.47000 54.09000 45.33000 38.10000 32.96000 27.54000 23.75000 19.85000 17.25000 15.10000 13.31000 12.06000
96.67000 96.59000 96.60000 96.55000 96.36000 95.72000 93.27000 86.95000 75.87000 64.07000 53.74000 45.73000 38.15000 32.96000 27.47000 23.24000 19.77000 17.06000 14.97000 13.11000 12.00000
