0.00000 0.05000 0.10000 0.15000 0.20000 0.25000 0.30000 0.35000 0.40000 0.45000 0.50000 0.55000 0.60000 0.65000 0.70000 0.75000 0.80000 0.85000 0.90000 0.95000 1.00000
92.97000 92.72000 92.71000 92.78000 92.77000 92.65000 92.56000 92.52000 92.47000 92.22000 92.03000 91.41000 90.69000 89.05000 87.27000 84.30000 80.69000 77.34000 72.63000 67.52000 63.14000
92.97000 92.72000 92.77000 92.70000 92.72000 92.78000 92.73000 92.49000 92.37000 92.23000 91.69000 91.18000 90.53000 89.15000 87.02000 84.12000 80.82000 76.91000 72.46000 67.92000 63.40000
92.97000 92.71000 92.70000 92.70000 92.72000 92.63000 92.63000 92.45000 92.56000 92.32000 91.68000 91.13000 90.64000 89.31000 87.09000 84.31000 80.66000 77.00000 72.36000 67.62000 62.96000
92.97000 92.76000 92.74000 92.76000 92.78000 92.61000 92.76000 92.67000 92.42000 92.29000 91.88000 91.33000 90.10000 88.99000 86.66000 84.68000 80.81000 76.75000 72.18000 67.82000 63.03000
92.97000 92.65000 92.81000 92.75000 92.68000 92.69000 92.66000 92.54000 92.45000 92.30000 91.80000 91.36000 90.66000 89.18000 87.40000 84.30000 80.95000 76.24000 72.02000 67.53000 62.71000
92.97000 92.71000 92.74000 92.73000 92.64000 92.58000 92.63000 92.66000 92.35000 92.17000 91.88000 91.50000 90.68000 89.19000 87.19000 84.62000 80.70000 76.80000 72.77000 67.72000 62.43000
92.97000 92.79000 92.73000 92.64000 92.67000 92.64000 92.56000 92.44000 92.41000 92.06000 91.80000 91.49000 90.67000 89.34000 87.04000 84.02000 81.27000 76.63000 72.07000 68.01000 62.73000
92.97000 92.73000 92.81000 92.69000 92.69000 92.72000 92.67000 92.60000 92.49000 92.22000 91.87000 91.34000 90.39000 89.04000 86.96000 84.29000 80.93000 77.33000 72.50000 67.96000 62.83000
92.97000 92.73000 92.77000 92.71000 92.66000 92.72000 92.65000 92.58000 92.40000 92.28000 92.07000 91.42000 90.61000 89.39000 87.39000 84.62000 80.81000 77.15000 71.89000 68.18000 62.85000
92.97000 92.74000 92.74000 92.73000 92.65000 92.64000 92.69000 92.58000 92.44000 92.29000 91.89000 91.40000 90.57000 89.28000 86.98000 83.94000 80.33000 76.67000 72.29000 67.42000 63.24000
92.97000 92.81000 92.70000 92.73000 92.74000 92.60000 92.59000 92.58000 92.46000 92.07000 92.08000 91.37000 90.44000 89.08000 87.16000 84.55000 81.30000 76.78000 72.02000 67.79000 63.33000
92.97000 92.82000 92.73000 92.70000 92.72000 92.74000 92.53000 92.57000 92.42000 92.16000 91.88000 91.25000 90.69000 89.19000 86.81000 84.41000 81.00000 76.94000 71.91000 67.71000 63.09000
92.97000 92.76000 92.78000 92.75000 92.75000 92.58000 92.62000 92.72000 92.40000 92.22000 91.90000 91.34000 90.47000 89.19000 87.22000 84.54000 80.82000 76.18000 72.45000 67.38000 63.43000
92.97000 92.78000 92.76000 92.74000 92.84000 92.67000 92.72000 92.46000 92.48000 92.11000 91.90000 91.26000 90.54000 89.30000 87.10000 84.15000 81.17000 76.98000 72.79000 68.12000 63.14000
92.97000 92.82000 92.76000 92.69000 92.79000 92.75000 92.73000 92.63000 92.45000 92.16000 91.96000 91.45000 90.40000 89.42000 86.84000 84.11000 80.94000 77.13000 72.37000 67.49000 64.01000
92.97000 92.75000 92.69000 92.75000 92.76000 92.77000 92.75000 92.48000 92.45000 92.07000 91.84000 91.36000 90.51000 89.20000 86.83000 84.13000 80.59000 77.05000 72.56000 68.03000 63.28000
92.97000 92.77000 92.73000 92.70000 92.77000 92.67000 92.59000 92.60000 92.37000 92.25000 91.84000 91.32000 90.43000 89.26000 87.03000 84.28000 80.65000 76.77000 72.53000 68.22000 63.51000
92.97000 92.75000 92.75000 92.74000 92.73000 92.66000 92.78000 92.67000 92.53000 92.24000 91.84000 91.18000 90.44000 89.02000 86.98000 84.25000 80.69000 77.06000 72.22000 67.50000 62.89000
92.97000 92.86000 92.70000 92.72000 92.66000 92.68000 92.67000 92.56000 92.52000 92.18000 91.73000 91.11000 90.40000 89.31000 87.14000 84.41000 80.88000 76.93000 71.93000 67.74000 63.41000
92.97000 92.84000 92.69000 92.71000 92.61000 92.81000 92.56000 92.62000 92.50000 92.13000 91.96000 91.29000 90.68000 89.27000 87.08000 84.43000 81.23000 77.04000 72.50000 67.40000 63.18000
