0.00000 0.05000 0.10000 0.15000 0.20000 0.25000 0.30000 0.35000 0.40000 0.45000 0.50000 0.55000 0.60000 0.65000 0.70000 0.75000 0.80000 0.85000 0.90000 0.95000 1.00000
96.94000 96.90000 96.92000 96.86000 96.85000 96.68000 96.68000 96.44000 96.39000 96.39000 96.03000 95.81000 95.82000 95.38000 95.33000 95.22000 94.92000 94.53000 94.31000 93.96000 93.40000
96.94000 96.91000 96.86000 96.94000 96.77000 96.75000 96.69000 96.50000 96.35000 96.28000 96.21000 95.89000 95.93000 95.67000 95.25000 95.12000 94.78000 94.62000 94.23000 94.08000 93.53000
96.94000 96.94000 96.83000 96.83000 96.79000 96.73000 96.67000 96.46000 96.45000 96.27000 96.23000 95.90000 95.68000 95.55000 95.21000 94.82000 94.90000 94.66000 94.29000 93.71000 93.85000
96.94000 96.95000 96.93000 96.87000 96.75000 96.78000 96.59000 96.58000 96.53000 96.18000 96.01000 95.97000 95.75000 95.77000 95.55000 95.17000 94.85000 94.48000 94.26000 94.07000 93.67000
96.94000 96.83000 96.87000 96.78000 96.81000 96.68000 96.72000 96.51000 96.43000 96.29000 96.23000 96.02000 95.80000 95.45000 95.46000 95.18000 94.79000 94.54000 94.14000 93.70000 93.58000
96.94000 96.89000 96.93000 96.90000 96.81000 96.68000 96.57000 96.52000 96.45000 96.25000 96.23000 96.15000 95.63000 95.68000 95.33000 95.06000 94.96000 94.47000 94.38000 93.89000 93.58000
96.94000 96.90000 96.95000 96.80000 96.85000 96.71000 96.60000 96.48000 96.36000 96.28000 96.11000 95.88000 95.82000 95.66000 95.28000 95.09000 94.81000 94.46000 94.03000 93.77000 93.58000
96.94000 96.88000 96.99000 96.94000 96.76000 96.69000 96.63000 96.57000 96.54000 96.34000 96.04000 96.15000 95.86000 95.34000 95.52000 95.30000 94.65000 94.47000 94.16000 93.67000 93.59000
96.94000 96.90000 96.91000 96.89000 96.77000 96.76000 96.52000 96.69000 96.44000 96.40000 96.14000 96.03000 95.83000 95.50000 95.55000 95.17000 95.07000 94.74000 94.18000 93.57000 93.63000
96.94000 96.94000 96.93000 96.83000 96.75000 96.64000 96.69000 96.53000 96.42000 96.33000 96.12000 96.01000 95.84000 95.47000 95.29000 95.04000 94.90000 94.59000 94.26000 93.82000 93.50000
96.94000 96.88000 96.85000 96.89000 96.84000 96.78000 96.64000 96.61000 96.43000 96.44000 96.21000 96.00000 95.88000 95.67000 95.40000 95.05000 94.96000 94.76000 94.13000 93.80000 93.53000
96.94000 96.88000 96.93000 96.83000 96.81000 96.77000 96.72000 96.55000 96.48000 96.23000 96.12000 96.09000 95.82000 95.76000 95.25000 95.16000 95.01000 94.45000 94.22000 93.91000 93.69000
96.94000 96.96000 96.94000 96.91000 96.75000 96.84000 96.68000 96.61000 96.29000 96.21000 96.02000 96.04000 95.86000 95.66000 95.19000 94.97000 94.77000 94.54000 94.33000 94.10000 93.62000
96.94000 96.89000 96.91000 96.90000 96.75000 96.73000 96.72000 96.41000 96.34000 96.22000 96.16000 95.88000 95.95000 95.47000 95.38000 95.13000 94.67000 94.68000 94.11000 93.84000 93.57000
96.94000 96.88000 96.95000 96.90000 96.76000 96.73000 96.62000 96.53000 96.44000 96.33000 96.11000 95.93000 95.78000 95.35000 95.52000 95.14000 94.93000 94.58000 94.21000 93.87000 93.51000
96.94000 96.92000 96.93000 96.92000 96.87000 96.71000 96.64000 96.53000 96.50000 96.27000 96.12000 95.87000 95.89000 95.52000 95.25000 95.24000 94.79000 94.68000 94.22000 93.98000 93.35000
96.94000 96.87000 96.93000 96.89000 96.84000 96.74000 96.69000 96.55000 96.45000 96.31000 96.23000 96.04000 95.80000 95.69000 95.38000 95.25000 94.72000 94.75000 94.36000 93.97000 93.36000
96.94000 97.00000 96.83000 96.90000 96.77000 96.70000 96.63000 96.63000 96.48000 96.21000 96.05000 95.87000 95.68000 95.58000 95.47000 94.98000 94.91000 94.51000 94.43000 93.67000 93.64000
96.94000 96.97000 96.98000 96.87000 96.70000 96.67000 96.56000 96.48000 96.45000 96.31000 96.16000 95.90000 95.80000 95.68000 95.36000 95.13000 94.88000 94.43000 94.31000 93.72000 93.63000
96.94000 96.87000 96.95000 96.95000 96.95000 96.64000 96.70000 96.47000 96.37000 96.30000 96.12000 95.90000 95.98000 95.58000 95.36000 95.08000 94.92000 94.54000 94.03000 93.78000 93.60000
