# epoch | tr.acc. | te.acc. | tr.loss | te.loss
0.00000 86.76167 87.63000 2.63601 2.59977
1.00000 89.45000 89.88000 2.08798 2.05552
2.00000 91.77167 91.73000 1.57948 1.56032
3.00000 93.04333 93.12000 1.31802 1.30251
4.00000 93.78667 93.86000 1.14958 1.14162
5.00000 94.37000 94.31000 1.04955 1.04532
6.00000 94.78000 94.62000 0.97219 0.97230
7.00000 95.20833 94.85000 0.91235 0.92166
8.00000 95.49500 95.27000 0.86659 0.87926
9.00000 95.79500 95.50000 0.82169 0.83988
10.00000 95.95667 95.62000 0.78908 0.80850
11.00000 96.21000 95.78000 0.76240 0.78955
12.00000 96.34667 95.89000 0.73820 0.77053
13.00000 96.49667 95.99000 0.71839 0.75447
14.00000 96.64167 96.12000 0.69641 0.73429
15.00000 96.78667 96.24000 0.67773 0.71960
16.00000 96.87000 96.30000 0.66407 0.71144
17.00000 96.92000 96.30000 0.65173 0.70067
18.00000 97.04167 96.43000 0.64369 0.69609
19.00000 97.11167 96.44000 0.63593 0.69051
20.00000 97.09333 96.37000 0.62113 0.68219
21.00000 97.22000 96.57000 0.61001 0.67193
22.00000 97.26333 96.51000 0.60491 0.66976
23.00000 97.30833 96.52000 0.59304 0.66016
24.00000 97.29333 96.56000 0.59968 0.67078
25.00000 97.40500 96.67000 0.58217 0.65557
26.00000 97.45500 96.71000 0.57167 0.64527
27.00000 97.49333 96.74000 0.57392 0.65137
28.00000 97.48167 96.83000 0.55976 0.63749
29.00000 97.55333 96.81000 0.55958 0.63947
30.00000 97.62833 96.93000 0.55545 0.63928
31.00000 97.60833 96.94000 0.55441 0.63713
32.00000 97.70167 96.88000 0.54568 0.63192
33.00000 97.70333 96.86000 0.54250 0.63416
34.00000 97.74500 96.94000 0.53349 0.62339
35.00000 97.78833 97.00000 0.53140 0.62229
36.00000 97.76500 96.85000 0.52839 0.62434
37.00000 97.80333 97.01000 0.52554 0.62284
38.00000 97.84167 96.99000 0.52007 0.61965
39.00000 97.87667 96.96000 0.51750 0.61904
40.00000 97.84167 96.99000 0.51484 0.61737
41.00000 97.89667 96.99000 0.50961 0.61464
42.00000 97.90833 97.03000 0.50987 0.61675
43.00000 97.93500 97.03000 0.50739 0.61348
44.00000 97.92000 97.00000 0.50146 0.61211
45.00000 97.98000 96.95000 0.50108 0.61359
46.00000 97.98667 97.00000 0.49615 0.61027
47.00000 98.00000 96.99000 0.49463 0.60992
48.00000 98.02833 97.09000 0.49736 0.61524
49.00000 98.02167 96.94000 0.49246 0.60925
