0.00000 0.05000 0.10000 0.15000 0.20000 0.25000 0.30000 0.35000 0.40000 0.45000 0.50000 0.55000 0.60000 0.65000 0.70000 0.75000 0.80000 0.85000 0.90000 0.95000 1.00000
96.63000 96.57000 96.30000 96.27000 96.04000 95.54000 95.38000 94.97000 94.75000 94.63000 94.04000 93.44000 93.12000 93.00000 92.49000 91.95000 91.90000 91.33000 91.53000 90.72000 90.44000
96.63000 96.49000 96.33000 96.20000 95.99000 95.61000 95.39000 95.08000 94.63000 94.10000 94.06000 93.58000 92.84000 92.91000 92.69000 92.19000 91.79000 91.61000 91.25000 91.11000 90.57000
96.63000 96.54000 96.29000 96.02000 95.94000 95.78000 95.16000 95.09000 94.87000 94.49000 94.00000 93.59000 92.91000 92.65000 92.14000 91.68000 91.84000 91.39000 91.31000 91.00000 90.59000
96.63000 96.60000 96.40000 96.23000 96.07000 95.82000 95.38000 95.11000 94.59000 94.28000 93.88000 93.57000 93.49000 92.89000 92.10000 92.16000 91.67000 91.83000 91.63000 90.84000 90.54000
96.63000 96.57000 96.44000 96.19000 96.04000 95.80000 95.26000 95.10000 94.66000 94.39000 94.16000 93.56000 93.50000 92.69000 92.40000 91.87000 91.74000 91.61000 90.76000 90.86000 90.30000
96.63000 96.57000 96.44000 96.16000 96.11000 95.70000 95.32000 95.19000 94.82000 94.19000 93.99000 93.73000 93.05000 92.97000 92.65000 92.19000 91.73000 91.62000 90.95000 90.84000 90.36000
96.63000 96.50000 96.41000 96.21000 96.07000 95.58000 95.19000 94.93000 94.77000 94.46000 94.16000 93.50000 93.13000 93.00000 92.67000 92.13000 91.90000 91.24000 91.29000 90.77000 90.03000
96.63000 96.48000 96.58000 96.15000 96.00000 95.83000 95.39000 95.22000 94.92000 94.33000 93.62000 93.69000 93.10000 92.61000 92.43000 92.11000 91.65000 91.61000 91.49000 91.15000 90.85000
96.63000 96.52000 96.33000 96.18000 96.05000 95.58000 95.28000 95.04000 94.61000 94.28000 94.00000 93.56000 93.23000 92.94000 92.69000 92.29000 91.54000 91.30000 91.30000 90.73000 90.75000
96.63000 96.57000 96.29000 95.99000 95.95000 95.74000 95.45000 94.97000 94.65000 94.20000 93.78000 93.59000 93.00000 92.68000 92.48000 92.55000 91.56000 91.38000 90.74000 90.56000 90.24000
96.63000 96.53000 96.42000 96.27000 95.93000 95.56000 95.44000 95.01000 94.53000 94.40000 93.53000 93.45000 93.29000 92.62000 92.14000 92.22000 92.01000 91.44000 91.36000 90.85000 90.57000
96.63000 96.57000 96.48000 96.25000 95.81000 95.52000 95.43000 94.99000 94.74000 94.24000 93.89000 93.51000 93.32000 92.87000 92.67000 91.98000 91.49000 91.32000 91.31000 90.90000 90.18000
96.63000 96.46000 96.49000 96.05000 95.80000 95.72000 95.43000 95.08000 94.90000 94.30000 93.88000 93.45000 93.21000 92.97000 92.29000 92.20000 91.95000 91.67000 90.93000 90.57000 90.66000
96.63000 96.59000 96.31000 96.09000 95.90000 95.64000 95.33000 94.93000 94.62000 93.98000 93.92000 93.64000 93.12000 92.66000 92.41000 91.82000 91.61000 91.21000 90.85000 91.08000 90.54000
96.63000 96.45000 96.38000 96.28000 95.99000 95.59000 95.39000 95.04000 94.43000 94.24000 93.93000 93.66000 93.18000 92.91000 92.55000 92.32000 91.75000 91.50000 91.20000 90.84000 90.50000
96.63000 96.50000 96.37000 96.13000 96.05000 95.53000 95.40000 95.08000 94.50000 94.11000 93.82000 93.42000 93.22000 92.77000 92.53000 92.57000 91.86000 91.59000 91.35000 91.01000 90.23000
96.63000 96.57000 96.33000 96.24000 96.00000 95.86000 95.58000 95.00000 94.84000 94.20000 94.01000 93.60000 93.19000 92.86000 92.80000 92.32000 91.73000 91.57000 91.13000 90.97000 90.24000
96.63000 96.57000 96.41000 96.20000 95.90000 95.77000 95.40000 94.89000 94.37000 94.31000 94.15000 93.53000 93.32000 92.57000 92.64000 92.04000 91.98000 91.22000 91.01000 91.10000 90.33000
96.63000 96.44000 96.41000 96.32000 95.77000 95.70000 95.57000 94.89000 94.76000 94.02000 93.90000 93.82000 93.29000 92.98000 92.54000 92.07000 91.88000 91.67000 91.53000 90.47000 90.61000
96.63000 96.53000 96.53000 96.18000 95.90000 95.58000 95.25000 95.02000 94.55000 94.15000 93.78000 93.62000 93.49000 92.89000 92.52000 92.28000 91.76000 91.22000 90.88000 90.97000 90.45000
