0.00000 0.05000 0.10000 0.15000 0.20000 0.25000 0.30000 0.35000 0.40000 0.45000 0.50000 0.55000 0.60000 0.65000 0.70000 0.75000 0.80000 0.85000 0.90000 0.95000 1.00000
96.63000 96.51000 96.53000 96.50000 96.53000 96.47000 96.48000 96.31000 95.50000 94.32000 92.32000 89.22000 85.26000 80.47000 75.11000 68.88000 62.16000 55.81000 49.95000 44.36000 39.58000
96.63000 96.48000 96.64000 96.46000 96.45000 96.47000 96.44000 95.99000 95.25000 94.51000 92.28000 89.44000 85.73000 80.72000 75.25000 68.58000 62.53000 55.79000 50.00000 44.22000 39.18000
96.63000 96.56000 96.50000 96.52000 96.58000 96.54000 96.22000 95.93000 95.44000 94.35000 92.69000 89.30000 85.69000 80.64000 75.44000 69.18000 62.53000 56.67000 49.84000 44.29000 39.62000
96.63000 96.55000 96.50000 96.51000 96.57000 96.47000 96.38000 96.12000 95.52000 94.38000 92.12000 89.64000 85.46000 80.85000 74.88000 68.63000 62.12000 56.06000 49.39000 43.82000 39.22000
96.63000 96.50000 96.52000 96.52000 96.47000 96.45000 96.37000 96.08000 95.66000 94.17000 92.66000 89.86000 85.25000 80.87000 75.03000 68.91000 61.81000 55.66000 49.57000 43.94000 39.38000
96.63000 96.54000 96.55000 96.56000 96.58000 96.47000 96.30000 95.99000 95.40000 94.35000 92.46000 89.63000 85.76000 80.39000 75.05000 68.44000 62.56000 55.35000 49.36000 44.52000 39.72000
96.63000 96.59000 96.51000 96.56000 96.49000 96.46000 96.26000 96.14000 95.67000 94.38000 92.55000 89.29000 85.06000 80.70000 75.17000 69.09000 61.78000 56.22000 49.61000 44.30000 39.15000
96.63000 96.55000 96.51000 96.50000 96.58000 96.50000 96.31000 95.93000 95.48000 94.23000 92.48000 89.42000 85.83000 80.87000 74.53000 68.40000 62.11000 55.85000 49.31000 44.84000 38.94000
96.63000 96.54000 96.53000 96.45000 96.50000 96.50000 96.38000 96.18000 95.34000 94.45000 92.56000 89.62000 85.31000 81.10000 75.21000 69.11000 61.54000 56.36000 50.29000 44.10000 38.86000
96.63000 96.52000 96.52000 96.53000 96.47000 96.46000 96.46000 96.07000 95.40000 94.43000 92.36000 89.47000 85.79000 80.55000 75.13000 68.74000 62.91000 56.00000 49.60000 43.86000 39.17000
96.63000 96.63000 96.53000 96.51000 96.48000 96.58000 96.37000 96.03000 95.46000 94.43000 92.45000 89.61000 85.94000 80.83000 75.20000 68.16000 62.52000 56.19000 49.78000 44.43000 38.98000
96.63000 96.59000 96.45000 96.58000 96.51000 96.38000 96.43000 96.05000 95.39000 94.36000 92.36000 89.51000 85.19000 80.53000 75.04000 68.55000 62.21000 56.17000 50.14000 44.08000 39.57000
96.63000 96.51000 96.50000 96.51000 96.47000 96.56000 96.34000 95.99000 95.52000 94.46000 92.78000 89.91000 85.88000 80.93000 74.84000 69.60000 62.18000 55.88000 49.50000 44.74000 39.70000
96.63000 96.56000 96.49000 96.41000 96.55000 96.47000 96.20000 95.97000 95.57000 94.30000 92.71000 89.81000 85.48000 80.26000 75.43000 68.68000 62.20000 56.60000 49.66000 44.50000 39.28000
96.63000 96.59000 96.53000 96.49000 96.62000 96.47000 96.38000 96.08000 95.39000 94.73000 92.38000 89.49000 85.93000 80.32000 75.43000 69.02000 61.73000 56.36000 50.08000 44.30000 39.27000
96.63000 96.60000 96.53000 96.60000 96.49000 96.47000 96.35000 95.94000 95.35000 94.68000 92.69000 89.85000 85.28000 81.59000 75.15000 68.57000 62.71000 56.94000 49.21000 44.92000 39.81000
96.63000 96.54000 96.55000 96.51000 96.42000 96.54000 96.38000 96.05000 95.46000 94.14000 92.53000 89.79000 85.16000 80.65000 74.92000 68.71000 62.79000 55.77000 49.64000 43.66000 38.78000
96.63000 96.53000 96.49000 96.51000 96.48000 96.44000 96.37000 96.07000 95.38000 94.25000 92.38000 89.21000 86.08000 80.78000 76.00000 67.92000 62.06000 55.41000 49.43000 44.66000 38.43000
96.63000 96.55000 96.53000 96.53000 96.50000 96.45000 96.33000 95.99000 95.38000 94.37000 92.41000 89.28000 85.85000 81.02000 75.12000 68.28000 63.07000 55.47000 49.99000 44.40000 39.71000
96.63000 96.51000 96.52000 96.54000 96.46000 96.48000 96.29000 96.02000 95.34000 94.30000 92.15000 89.46000 85.71000 81.27000 75.21000 68.82000 62.04000 55.71000 49.58000 44.85000 38.95000
