# epoch | tr.acc. | te.acc. | tr.loss | te.loss
0.00000 92.54167 92.71000 1.42143 1.39898
1.00000 94.26000 94.15000 1.07130 1.06967
2.00000 95.15167 94.87000 0.91028 0.93098
3.00000 95.70833 95.25000 0.83296 0.86756
4.00000 96.05333 95.54000 0.76559 0.81057
5.00000 96.45333 95.98000 0.71854 0.77024
6.00000 96.74167 96.01000 0.67808 0.74327
7.00000 97.02833 96.24000 0.64578 0.72259
8.00000 97.20833 96.45000 0.62153 0.70637
9.00000 97.23833 96.35000 0.59652 0.68844
10.00000 97.40333 96.47000 0.58191 0.68140
11.00000 97.45333 96.52000 0.56062 0.66152
12.00000 97.56500 96.61000 0.54819 0.65828
13.00000 97.68167 96.66000 0.54120 0.65233
14.00000 97.73167 96.59000 0.52472 0.64312
15.00000 97.86500 96.66000 0.51261 0.63866
16.00000 97.82833 96.80000 0.50161 0.62920
17.00000 97.97000 96.69000 0.49452 0.63151
18.00000 98.05167 96.74000 0.48148 0.61953
19.00000 98.01833 96.52000 0.47953 0.62598
20.00000 98.05667 96.62000 0.46343 0.60678
21.00000 98.15500 96.77000 0.46118 0.61120
22.00000 98.18000 96.79000 0.46172 0.61680
23.00000 98.25000 96.75000 0.44812 0.60876
24.00000 98.26167 96.63000 0.44337 0.61054
25.00000 98.25167 96.65000 0.44868 0.61681
26.00000 98.36833 96.79000 0.43227 0.60568
27.00000 98.35000 96.67000 0.43388 0.60806
28.00000 98.44167 96.76000 0.42256 0.59862
29.00000 98.42667 96.75000 0.42417 0.60768
30.00000 98.45667 96.69000 0.42393 0.60835
31.00000 98.50667 96.69000 0.41296 0.60288
32.00000 98.55667 96.80000 0.41073 0.60102
33.00000 98.49333 96.63000 0.40690 0.60100
34.00000 98.59000 96.74000 0.40201 0.59453
35.00000 98.55500 96.69000 0.40821 0.60548
36.00000 98.63000 96.74000 0.39993 0.60060
37.00000 98.61500 96.75000 0.39280 0.59739
38.00000 98.70500 96.77000 0.39469 0.60264
39.00000 98.67333 96.69000 0.39243 0.59899
40.00000 98.68167 96.72000 0.38395 0.59425
41.00000 98.68833 96.69000 0.38776 0.60358
42.00000 98.69000 96.66000 0.38058 0.59602
43.00000 98.70833 96.64000 0.37776 0.59413
44.00000 98.72167 96.79000 0.37495 0.59440
45.00000 98.71000 96.61000 0.37862 0.60680
46.00000 98.78833 96.74000 0.37477 0.60233
47.00000 98.77333 96.67000 0.37101 0.60072
48.00000 98.77333 96.69000 0.36682 0.59585
49.00000 98.76667 96.63000 0.36998 0.60318
