0.00000 0.05000 0.10000 0.15000 0.20000 0.25000 0.30000 0.35000 0.40000 0.45000 0.50000 0.55000 0.60000 0.65000 0.70000 0.75000 0.80000 0.85000 0.90000 0.95000 1.00000
96.69000 96.71000 96.83000 96.72000 96.55000 96.56000 96.16000 96.05000 95.55000 95.51000 95.01000 94.77000 94.00000 93.43000 92.93000 92.00000 91.29000 90.38000 88.99000 88.38000 87.16000
96.69000 96.66000 96.65000 96.64000 96.58000 96.43000 96.31000 96.13000 95.85000 95.28000 95.13000 94.47000 93.79000 93.63000 92.65000 91.81000 90.96000 90.56000 89.23000 87.95000 87.35000
96.69000 96.84000 96.86000 96.69000 96.70000 96.42000 96.37000 95.99000 95.79000 95.43000 95.04000 94.50000 94.04000 93.24000 92.64000 91.48000 90.98000 89.88000 89.29000 88.50000 87.06000
96.69000 96.66000 96.79000 96.74000 96.61000 96.39000 96.25000 96.15000 95.80000 95.58000 95.13000 94.48000 94.16000 93.17000 92.65000 91.64000 90.93000 90.36000 89.26000 88.61000 87.13000
96.69000 96.67000 96.80000 96.68000 96.55000 96.42000 96.36000 95.90000 95.78000 95.53000 94.93000 94.47000 93.85000 93.15000 92.83000 91.72000 90.96000 90.20000 89.24000 88.92000 87.28000
96.69000 96.69000 96.77000 96.71000 96.53000 96.52000 96.34000 96.13000 95.86000 95.58000 94.95000 94.68000 93.97000 93.49000 92.62000 91.67000 90.93000 90.04000 88.90000 87.91000 87.53000
96.69000 96.70000 96.70000 96.69000 96.64000 96.29000 96.25000 96.05000 95.92000 95.41000 95.12000 94.47000 94.12000 93.05000 92.49000 91.95000 90.99000 89.91000 89.07000 88.48000 87.95000
96.69000 96.71000 96.76000 96.77000 96.63000 96.47000 96.36000 96.09000 95.64000 95.57000 95.16000 94.54000 93.86000 93.36000 92.60000 92.06000 91.06000 90.21000 89.19000 88.41000 87.44000
96.69000 96.68000 96.87000 96.83000 96.57000 96.56000 96.36000 95.96000 95.78000 95.39000 95.08000 94.62000 94.09000 93.16000 92.75000 92.07000 91.09000 89.84000 89.34000 88.34000 87.23000
96.69000 96.72000 96.62000 96.73000 96.63000 96.50000 96.31000 95.87000 95.86000 95.59000 95.19000 94.91000 94.16000 93.22000 92.77000 91.99000 90.87000 90.17000 89.03000 88.24000 87.52000
96.69000 96.78000 96.75000 96.69000 96.56000 96.51000 96.25000 96.09000 95.73000 95.45000 95.00000 94.59000 93.94000 93.49000 92.88000 92.06000 91.24000 90.00000 89.29000 88.35000 87.51000
96.69000 96.64000 96.66000 96.59000 96.46000 96.44000 96.19000 96.02000 95.77000 95.46000 95.11000 94.57000 94.06000 93.53000 92.63000 91.82000 91.13000 89.99000 89.09000 88.02000 86.93000
96.69000 96.76000 96.82000 96.68000 96.59000 96.35000 96.29000 95.95000 95.80000 95.38000 94.68000 94.43000 94.04000 93.70000 92.79000 91.78000 91.15000 90.27000 89.05000 87.88000 87.40000
96.69000 96.75000 96.83000 96.63000 96.60000 96.35000 96.24000 96.17000 95.72000 95.46000 95.31000 94.68000 94.14000 93.29000 92.52000 92.12000 91.24000 90.09000 89.25000 88.35000 87.21000
96.69000 96.73000 96.82000 96.75000 96.70000 96.35000 96.35000 95.93000 96.01000 95.51000 95.04000 94.50000 94.19000 93.33000 92.79000 91.94000 91.30000 90.33000 89.01000 88.31000 87.38000
96.69000 96.68000 96.82000 96.69000 96.50000 96.52000 96.27000 96.00000 95.63000 95.34000 95.08000 94.59000 94.16000 93.47000 92.51000 92.11000 90.67000 89.67000 89.22000 88.12000 87.35000
96.69000 96.79000 96.72000 96.64000 96.68000 96.58000 96.34000 95.90000 95.83000 95.63000 95.08000 94.61000 93.76000 93.30000 92.77000 92.06000 90.95000 90.12000 88.97000 88.45000 87.52000
96.69000 96.72000 96.78000 96.83000 96.53000 96.38000 96.34000 96.06000 95.83000 95.41000 95.08000 94.35000 93.92000 93.22000 92.75000 92.03000 91.36000 90.07000 89.19000 87.93000 87.33000
96.69000 96.78000 96.72000 96.73000 96.73000 96.46000 96.31000 96.09000 95.73000 95.31000 94.95000 94.49000 93.81000 93.20000 92.66000 92.04000 90.72000 90.56000 89.11000 88.29000 87.80000
96.69000 96.76000 96.69000 96.69000 96.67000 96.49000 96.37000 96.14000 95.86000 95.40000 94.93000 94.45000 94.00000 93.48000 92.66000 91.69000 91.03000 90.17000 89.27000 88.37000 87.35000
