0.00000 0.05000 0.10000 0.15000 0.20000 0.25000 0.30000 0.35000 0.40000 0.45000 0.50000 0.55000 0.60000 0.65000 0.70000 0.75000 0.80000 0.85000 0.90000 0.95000 1.00000
93.68000 93.88000 93.97000 93.94000 93.89000 93.71000 93.82000 93.81000 93.57000 93.54000 93.26000 93.29000 93.17000 92.95000 92.87000 92.43000 92.48000 92.07000 92.12000 91.88000 91.48000
93.68000 93.89000 93.87000 93.99000 93.88000 93.84000 93.88000 93.71000 93.59000 93.45000 93.34000 93.28000 93.09000 92.90000 92.64000 92.56000 92.49000 91.94000 91.87000 91.59000 91.60000
93.68000 93.84000 93.86000 93.87000 93.86000 93.93000 93.79000 93.80000 93.53000 93.53000 93.40000 93.25000 93.02000 92.81000 92.85000 92.61000 92.44000 92.14000 91.83000 91.96000 91.75000
93.68000 93.83000 93.93000 93.93000 93.93000 93.81000 93.61000 93.55000 93.54000 93.29000 93.34000 92.92000 93.11000 92.97000 92.72000 92.60000 92.47000 92.19000 92.21000 91.63000 91.67000
93.68000 93.82000 93.90000 93.87000 93.84000 93.86000 93.78000 93.74000 93.66000 93.49000 93.38000 93.12000 93.07000 92.91000 92.90000 92.48000 92.42000 92.21000 91.90000 91.88000 91.56000
93.68000 93.83000 93.86000 93.83000 93.89000 93.88000 93.88000 93.79000 93.63000 93.45000 93.25000 93.12000 93.06000 92.99000 92.69000 92.37000 92.55000 91.92000 91.95000 91.71000 91.45000
93.68000 93.86000 93.85000 93.93000 93.74000 93.89000 93.85000 93.70000 93.58000 93.44000 93.32000 93.18000 93.17000 92.86000 92.64000 92.63000 92.31000 92.17000 91.73000 91.97000 91.45000
93.68000 93.90000 93.81000 93.93000 93.86000 93.78000 93.76000 93.74000 93.63000 93.49000 93.31000 93.13000 93.17000 93.11000 92.68000 92.66000 92.51000 92.14000 91.99000 91.94000 91.73000
93.68000 93.82000 93.89000 93.81000 93.88000 93.82000 93.62000 93.70000 93.58000 93.45000 93.52000 93.31000 93.02000 92.83000 92.78000 92.37000 92.44000 91.96000 92.03000 91.77000 91.53000
93.68000 93.80000 93.84000 93.96000 93.88000 93.94000 93.83000 93.57000 93.51000 93.58000 93.39000 93.26000 92.92000 92.95000 92.73000 92.60000 92.52000 92.30000 91.92000 91.59000 91.56000
93.68000 93.79000 93.93000 93.87000 93.79000 93.78000 93.89000 93.61000 93.70000 93.60000 93.36000 93.29000 92.99000 92.94000 92.65000 92.60000 92.36000 92.03000 91.92000 91.78000 91.52000
93.68000 93.90000 93.88000 93.85000 93.88000 93.81000 93.68000 93.60000 93.51000 93.40000 93.49000 93.28000 93.00000 93.04000 92.76000 92.54000 92.41000 92.31000 92.09000 91.78000 91.36000
93.68000 93.90000 93.90000 93.89000 93.92000 93.81000 93.72000 93.73000 93.61000 93.49000 93.30000 93.11000 93.09000 92.91000 92.76000 92.54000 92.37000 92.24000 92.01000 91.58000 91.30000
93.68000 93.86000 93.83000 93.78000 93.93000 93.81000 93.85000 93.54000 93.60000 93.45000 93.27000 93.16000 93.18000 92.89000 92.75000 92.65000 92.66000 92.20000 91.81000 91.86000 91.67000
93.68000 93.83000 93.84000 93.89000 93.87000 93.97000 93.71000 93.53000 93.57000 93.48000 93.36000 93.20000 93.06000 92.82000 92.80000 92.50000 92.51000 92.15000 91.81000 91.70000 91.58000
93.68000 93.84000 93.95000 93.80000 93.93000 93.82000 93.88000 93.75000 93.62000 93.39000 93.23000 93.15000 93.10000 92.91000 92.73000 92.57000 92.33000 92.25000 92.05000 91.79000 91.51000
93.68000 93.76000 93.90000 93.88000 93.90000 93.70000 93.90000 93.77000 93.60000 93.49000 93.30000 93.28000 93.22000 92.89000 92.74000 92.34000 92.48000 92.23000 91.82000 91.89000 91.48000
93.68000 93.86000 93.89000 93.95000 93.93000 93.73000 93.65000 93.71000 93.66000 93.53000 93.32000 93.09000 93.15000 92.97000 92.75000 92.47000 92.65000 92.22000 92.05000 91.92000 91.49000
93.68000 93.87000 93.91000 93.89000 93.85000 93.87000 93.70000 93.70000 93.63000 93.33000 93.53000 93.33000 93.27000 92.93000 92.70000 92.79000 92.40000 92.14000 92.10000 91.76000 91.31000
93.68000 93.83000 93.95000 93.84000 93.98000 93.78000 93.71000 93.80000 93.77000 93.50000 93.31000 93.15000 93.00000 92.88000 92.93000 92.67000 92.27000 92.16000 91.97000 91.56000 91.78000
