# epoch | tr.acc. | te.acc. | tr.loss | te.loss
0.00000 86.04333 87.09000 2.82190 2.77334
1.00000 88.24667 88.93000 2.31987 2.27441
2.00000 89.52000 90.09000 2.02121 1.97733
3.00000 90.38667 90.71000 1.81778 1.77825
4.00000 91.05833 91.45000 1.66938 1.63337
5.00000 91.48833 91.76000 1.54793 1.51448
6.00000 91.79667 92.12000 1.44944 1.41660
7.00000 91.95500 92.22000 1.37806 1.34578
8.00000 92.19000 92.39000 1.31875 1.28888
9.00000 92.41667 92.67000 1.27703 1.24563
10.00000 92.48167 92.67000 1.23295 1.20494
11.00000 92.53167 92.66000 1.20440 1.17849
12.00000 92.73833 92.92000 1.16739 1.14338
13.00000 92.78000 93.07000 1.13920 1.11613
14.00000 92.88333 93.24000 1.11499 1.09279
15.00000 92.90500 93.11000 1.09490 1.07386
16.00000 93.01833 93.19000 1.07749 1.05662
17.00000 93.06500 93.30000 1.05784 1.03760
18.00000 93.11000 93.31000 1.04612 1.02986
19.00000 93.20167 93.35000 1.03286 1.01490
20.00000 93.22000 93.38000 1.02228 1.00688
21.00000 93.23833 93.29000 1.01220 0.99817
22.00000 93.34167 93.41000 1.00114 0.98515
23.00000 93.34500 93.45000 0.99431 0.98089
24.00000 93.37000 93.49000 0.98645 0.97426
25.00000 93.46167 93.52000 0.97943 0.96870
26.00000 93.44667 93.49000 0.97272 0.96333
27.00000 93.52333 93.56000 0.96797 0.95962
28.00000 93.49833 93.54000 0.96572 0.96024
29.00000 93.58667 93.62000 0.95708 0.95131
30.00000 93.64167 93.55000 0.95190 0.94841
31.00000 93.60167 93.60000 0.94726 0.94707
32.00000 93.58500 93.62000 0.94224 0.94019
33.00000 93.61000 93.56000 0.93949 0.94182
34.00000 93.65167 93.49000 0.93411 0.93680
35.00000 93.64833 93.49000 0.93183 0.93773
36.00000 93.63333 93.51000 0.92832 0.93462
37.00000 93.70667 93.68000 0.92298 0.92648
38.00000 93.72167 93.67000 0.91971 0.92516
39.00000 93.74667 93.57000 0.91713 0.92599
40.00000 93.76000 93.55000 0.91454 0.92477
41.00000 93.80667 93.62000 0.90999 0.92006
42.00000 93.77167 93.55000 0.90881 0.91889
43.00000 93.79167 93.65000 0.90444 0.91446
44.00000 93.83000 93.53000 0.90321 0.91805
45.00000 93.84000 93.57000 0.90166 0.91576
46.00000 93.83500 93.59000 0.90001 0.91471
47.00000 93.88167 93.60000 0.89925 0.91595
48.00000 93.83000 93.60000 0.89905 0.91716
49.00000 93.85167 93.68000 0.89239 0.90765
