0.00000 0.05000 0.10000 0.15000 0.20000 0.25000 0.30000 0.35000 0.40000 0.45000 0.50000 0.55000 0.60000 0.65000 0.70000 0.75000 0.80000 0.85000 0.90000 0.95000 1.00000
96.69000 96.74000 96.75000 96.77000 96.62000 96.56000 96.46000 96.44000 96.19000 96.01000 95.94000 95.39000 95.13000 94.90000 94.27000 93.67000 93.31000 92.58000 92.45000 91.67000 91.26000
96.69000 96.81000 96.80000 96.79000 96.65000 96.66000 96.52000 96.34000 95.97000 96.04000 95.78000 95.51000 95.22000 94.74000 93.90000 93.81000 93.19000 92.85000 92.27000 91.77000 91.64000
96.69000 96.84000 96.78000 96.70000 96.71000 96.55000 96.59000 96.43000 96.29000 96.30000 95.77000 95.45000 94.98000 94.79000 94.45000 94.07000 93.28000 92.89000 92.19000 91.56000 91.11000
96.69000 96.76000 96.83000 96.69000 96.65000 96.62000 96.44000 96.40000 96.08000 95.93000 95.83000 95.47000 94.98000 94.84000 94.35000 93.80000 93.28000 92.65000 92.05000 91.61000 91.20000
96.69000 96.74000 96.85000 96.75000 96.72000 96.70000 96.49000 96.37000 96.27000 96.22000 95.86000 95.45000 95.19000 94.73000 94.37000 93.92000 93.36000 92.94000 92.23000 91.82000 91.16000
96.69000 96.78000 96.78000 96.64000 96.73000 96.66000 96.55000 96.37000 96.14000 95.94000 95.75000 95.49000 95.30000 94.81000 94.56000 93.71000 93.62000 92.94000 92.29000 91.73000 91.41000
96.69000 96.83000 96.72000 96.74000 96.79000 96.55000 96.50000 96.21000 96.22000 95.91000 95.77000 95.63000 95.23000 94.52000 94.19000 93.98000 93.39000 92.80000 92.41000 91.73000 90.96000
96.69000 96.72000 96.78000 96.76000 96.66000 96.77000 96.63000 96.37000 96.29000 96.04000 95.73000 95.48000 95.26000 94.72000 94.25000 93.75000 93.20000 93.04000 92.22000 91.92000 91.29000
96.69000 96.73000 96.77000 96.72000 96.77000 96.62000 96.53000 96.48000 96.07000 95.98000 95.80000 95.44000 95.28000 94.87000 94.33000 93.71000 93.45000 92.96000 92.50000 91.71000 91.39000
96.69000 96.76000 96.77000 96.73000 96.67000 96.61000 96.59000 96.26000 96.28000 95.95000 95.80000 95.44000 95.10000 94.73000 94.47000 93.73000 93.45000 92.62000 92.09000 91.92000 90.90000
96.69000 96.70000 96.76000 96.72000 96.77000 96.69000 96.64000 96.34000 96.24000 95.97000 95.83000 95.35000 95.08000 94.72000 94.20000 93.86000 93.42000 92.88000 92.25000 91.64000 91.06000
96.69000 96.75000 96.79000 96.73000 96.70000 96.69000 96.40000 96.45000 96.27000 96.02000 95.70000 95.43000 95.01000 94.88000 94.29000 94.04000 93.35000 92.85000 92.02000 91.62000 91.00000
96.69000 96.81000 96.76000 96.69000 96.73000 96.65000 96.52000 96.46000 96.34000 95.84000 95.74000 95.45000 95.40000 94.76000 94.19000 93.96000 93.24000 92.94000 92.43000 91.78000 91.29000
96.69000 96.70000 96.71000 96.76000 96.67000 96.59000 96.55000 96.51000 96.22000 96.05000 95.74000 95.27000 95.19000 94.78000 94.29000 93.67000 93.63000 92.92000 92.35000 91.78000 90.69000
96.69000 96.74000 96.70000 96.81000 96.74000 96.68000 96.59000 96.41000 96.28000 96.07000 95.80000 95.67000 94.97000 94.80000 94.07000 93.70000 93.19000 92.95000 91.92000 91.79000 91.39000
96.69000 96.67000 96.80000 96.76000 96.69000 96.62000 96.59000 96.29000 96.11000 95.93000 95.80000 95.50000 95.09000 94.66000 94.13000 93.84000 93.19000 92.67000 92.22000 92.14000 91.24000
96.69000 96.75000 96.81000 96.82000 96.75000 96.66000 96.56000 96.34000 96.18000 96.01000 95.88000 95.17000 95.33000 94.96000 94.37000 93.83000 93.19000 92.93000 92.29000 91.46000 91.39000
96.69000 96.70000 96.75000 96.78000 96.74000 96.64000 96.58000 96.43000 96.19000 95.92000 95.73000 95.55000 95.23000 94.71000 94.40000 94.01000 93.23000 92.76000 92.26000 91.56000 91.39000
96.69000 96.73000 96.77000 96.71000 96.71000 96.75000 96.51000 96.42000 96.18000 96.01000 95.68000 95.48000 95.23000 94.74000 94.35000 93.73000 93.52000 92.83000 92.47000 91.91000 91.08000
96.69000 96.74000 96.80000 96.72000 96.60000 96.64000 96.59000 96.40000 96.12000 96.17000 95.81000 95.57000 94.89000 94.71000 94.08000 93.79000 93.29000 92.74000 92.48000 91.81000 91.45000
