# epoch | tr.acc. | te.acc. | tr.loss | te.loss
0.00000 86.73167 87.56000 2.62582 2.58580
1.00000 89.28333 89.41000 2.07636 2.04038
2.00000 91.79333 92.02000 1.58111 1.55351
3.00000 93.01667 93.14000 1.31611 1.29765
4.00000 93.62500 93.62000 1.15741 1.15003
5.00000 94.29667 94.20000 1.03843 1.03540
6.00000 94.83667 94.53000 0.96352 0.96949
7.00000 95.17000 94.87000 0.90261 0.91417
8.00000 95.42833 95.25000 0.85813 0.87455
9.00000 95.68000 95.34000 0.82083 0.84346
10.00000 95.92000 95.54000 0.78713 0.81668
11.00000 96.08833 95.64000 0.76264 0.79585
12.00000 96.34000 95.65000 0.73513 0.77578
13.00000 96.47000 95.93000 0.71901 0.75864
14.00000 96.58167 95.90000 0.69470 0.74118
15.00000 96.70500 96.07000 0.68407 0.73443
16.00000 96.80667 96.13000 0.66630 0.72321
17.00000 96.96167 96.22000 0.65742 0.71786
18.00000 97.00500 96.33000 0.64188 0.70231
19.00000 97.13500 96.25000 0.63768 0.70118
20.00000 97.20833 96.28000 0.62193 0.69043
21.00000 97.22667 96.37000 0.61991 0.69136
22.00000 97.29333 96.31000 0.60896 0.68269
23.00000 97.35667 96.32000 0.60561 0.68427
24.00000 97.39833 96.39000 0.59823 0.67879
25.00000 97.42833 96.39000 0.58763 0.67119
26.00000 97.46000 96.47000 0.58298 0.66898
27.00000 97.52000 96.49000 0.57095 0.65925
28.00000 97.54000 96.48000 0.56732 0.65799
29.00000 97.56500 96.53000 0.56710 0.66045
30.00000 97.56833 96.50000 0.56657 0.66181
31.00000 97.65000 96.59000 0.55796 0.65440
32.00000 97.68833 96.61000 0.55096 0.65022
33.00000 97.67167 96.51000 0.55319 0.65488
34.00000 97.71333 96.56000 0.54203 0.64553
35.00000 97.78333 96.68000 0.54570 0.65172
36.00000 97.76000 96.61000 0.53386 0.64104
37.00000 97.83833 96.65000 0.53267 0.64095
38.00000 97.81500 96.60000 0.53031 0.64334
39.00000 97.83500 96.58000 0.52457 0.63621
40.00000 97.88500 96.74000 0.52673 0.64067
41.00000 97.85500 96.67000 0.52628 0.63949
42.00000 97.94000 96.74000 0.52222 0.64117
43.00000 97.93167 96.66000 0.51659 0.63163
44.00000 97.96667 96.72000 0.51236 0.63339
45.00000 97.94500 96.67000 0.51131 0.63210
46.00000 97.98500 96.67000 0.51618 0.63966
47.00000 97.99333 96.70000 0.50250 0.62692
48.00000 98.00333 96.75000 0.50485 0.63050
49.00000 98.02333 96.69000 0.49740 0.62372
