0.00000 0.05000 0.10000 0.15000 0.20000 0.25000 0.30000 0.35000 0.40000 0.45000 0.50000 0.55000 0.60000 0.65000 0.70000 0.75000 0.80000 0.85000 0.90000 0.95000 1.00000
96.75000 96.72000 96.56000 96.30000 95.99000 95.82000 95.34000 94.84000 94.64000 93.93000 93.56000 93.02000 92.34000 92.22000 92.21000 91.28000 90.82000 90.08000 90.37000 89.80000 89.50000
96.75000 96.66000 96.42000 96.19000 95.86000 95.68000 95.37000 94.70000 94.65000 93.81000 93.49000 93.16000 92.61000 92.29000 92.05000 91.73000 91.11000 90.75000 90.49000 90.13000 89.30000
96.75000 96.65000 96.48000 96.17000 95.90000 95.82000 95.31000 94.83000 94.33000 93.75000 93.45000 93.38000 92.47000 91.95000 91.85000 91.85000 91.04000 90.66000 90.19000 89.62000 89.69000
96.75000 96.59000 96.43000 96.31000 96.08000 95.65000 95.33000 94.79000 94.47000 93.69000 93.59000 92.75000 92.46000 92.36000 92.31000 90.79000 91.31000 90.42000 90.31000 90.07000 89.53000
96.75000 96.52000 96.57000 96.31000 95.96000 95.80000 95.29000 94.60000 94.43000 93.95000 93.30000 93.05000 92.65000 92.25000 92.00000 91.16000 91.02000 90.44000 90.68000 90.01000 89.60000
96.75000 96.69000 96.43000 96.48000 95.98000 95.56000 95.10000 94.71000 94.36000 93.95000 93.20000 93.25000 92.78000 92.02000 91.95000 91.47000 90.67000 90.83000 90.27000 89.86000 89.49000
96.75000 96.57000 96.55000 96.31000 96.15000 95.62000 95.09000 94.61000 94.27000 93.85000 93.55000 93.11000 92.38000 92.14000 91.59000 91.47000 91.15000 90.56000 90.04000 90.01000 89.67000
96.75000 96.72000 96.42000 96.31000 95.93000 95.41000 95.23000 95.03000 94.52000 94.06000 93.32000 93.09000 92.58000 92.12000 91.75000 91.40000 90.85000 90.79000 90.07000 90.10000 89.58000
96.75000 96.72000 96.32000 96.17000 95.98000 95.72000 95.48000 94.80000 94.51000 93.68000 93.44000 93.18000 92.44000 91.74000 92.15000 91.23000 90.85000 90.39000 90.12000 89.64000 89.38000
96.75000 96.69000 96.53000 96.12000 95.87000 95.52000 95.25000 94.77000 94.42000 93.96000 93.36000 92.86000 92.69000 92.24000 91.77000 91.65000 90.65000 90.89000 89.94000 89.68000 89.64000
96.75000 96.72000 96.42000 96.20000 95.90000 95.77000 95.30000 94.73000 94.35000 93.93000 93.51000 92.86000 92.70000 91.94000 91.81000 91.21000 90.97000 90.82000 90.02000 89.80000 89.54000
96.75000 96.68000 96.36000 96.25000 95.87000 95.72000 95.21000 94.99000 94.24000 94.14000 93.26000 93.01000 92.80000 92.57000 91.55000 91.35000 90.92000 90.52000 90.02000 89.77000 89.55000
96.75000 96.59000 96.46000 96.17000 96.06000 95.66000 95.24000 94.78000 94.56000 93.85000 93.74000 93.06000 92.95000 92.25000 91.68000 91.27000 90.85000 90.30000 90.77000 90.07000 89.61000
96.75000 96.66000 96.46000 96.11000 95.75000 95.64000 95.10000 94.72000 94.45000 93.83000 93.56000 93.03000 92.41000 91.95000 91.97000 91.18000 90.91000 90.85000 90.46000 89.81000 89.42000
96.75000 96.66000 96.33000 96.17000 95.83000 95.62000 95.16000 94.68000 94.50000 93.96000 93.58000 92.77000 92.79000 92.10000 91.80000 91.73000 91.16000 90.75000 90.21000 89.73000 89.77000
96.75000 96.58000 96.45000 96.20000 95.97000 95.59000 95.39000 94.83000 94.61000 93.90000 93.53000 93.14000 92.87000 91.81000 91.87000 91.39000 90.16000 91.20000 90.60000 89.95000 89.37000
96.75000 96.56000 96.56000 96.22000 96.01000 95.65000 95.35000 94.52000 94.52000 93.91000 93.67000 92.74000 92.52000 92.40000 92.13000 91.53000 91.18000 90.81000 90.15000 89.77000 89.65000
96.75000 96.64000 96.49000 96.39000 95.98000 95.68000 95.31000 94.80000 94.59000 94.38000 93.36000 93.05000 93.09000 92.03000 91.91000 91.79000 91.01000 90.37000 90.52000 89.92000 89.36000
96.75000 96.67000 96.43000 96.28000 95.87000 95.41000 95.27000 94.79000 94.37000 94.01000 93.65000 93.15000 92.59000 91.98000 91.88000 91.83000 90.64000 90.24000 90.10000 89.67000 89.52000
96.75000 96.72000 96.51000 96.19000 95.99000 95.32000 95.18000 94.65000 94.31000 93.92000 93.16000 92.96000 92.97000 91.97000 91.98000 91.62000 91.24000 90.84000 90.27000 89.96000 89.60000
