0.00000 0.05000 0.10000 0.15000 0.20000 0.25000 0.30000 0.35000 0.40000 0.45000 0.50000 0.55000 0.60000 0.65000 0.70000 0.75000 0.80000 0.85000 0.90000 0.95000 1.00000
96.75000 96.64000 96.57000 96.67000 96.66000 96.63000 96.42000 96.28000 95.82000 94.90000 93.02000 91.06000 87.74000 83.76000 78.97000 75.10000 69.66000 63.80000 58.73000 54.41000 49.93000
96.75000 96.62000 96.67000 96.60000 96.71000 96.61000 96.47000 96.20000 95.65000 94.49000 93.23000 90.98000 87.83000 84.30000 79.69000 73.94000 68.75000 63.98000 58.72000 54.01000 50.65000
96.75000 96.70000 96.59000 96.58000 96.60000 96.68000 96.45000 96.30000 95.59000 94.78000 93.16000 91.23000 87.98000 84.26000 79.53000 74.94000 70.12000 64.56000 58.97000 54.66000 50.35000
96.75000 96.61000 96.60000 96.66000 96.64000 96.67000 96.67000 96.46000 95.79000 94.92000 93.26000 91.36000 88.23000 83.66000 79.31000 74.63000 69.27000 64.23000 58.95000 55.30000 49.90000
96.75000 96.60000 96.63000 96.61000 96.57000 96.65000 96.56000 96.32000 95.89000 94.86000 93.24000 90.97000 88.16000 84.33000 79.60000 74.12000 70.25000 63.88000 58.78000 54.05000 50.49000
96.75000 96.67000 96.63000 96.61000 96.55000 96.65000 96.64000 96.44000 95.78000 94.98000 93.10000 90.99000 88.52000 83.86000 79.58000 74.80000 69.65000 64.53000 58.86000 53.90000 50.24000
96.75000 96.69000 96.54000 96.64000 96.64000 96.63000 96.48000 96.20000 95.68000 94.88000 93.17000 91.04000 87.92000 83.55000 78.95000 74.29000 69.68000 64.22000 59.65000 54.67000 49.95000
96.75000 96.65000 96.60000 96.59000 96.67000 96.68000 96.57000 96.29000 95.85000 94.83000 93.45000 91.21000 87.53000 84.42000 79.35000 73.43000 69.05000 63.08000 59.46000 54.50000 49.88000
96.75000 96.63000 96.61000 96.68000 96.60000 96.65000 96.64000 96.23000 95.77000 94.70000 93.62000 91.15000 88.09000 84.12000 79.49000 74.63000 68.98000 64.07000 58.85000 53.98000 50.02000
96.75000 96.61000 96.56000 96.63000 96.71000 96.68000 96.48000 96.28000 95.84000 94.84000 93.28000 90.62000 88.11000 84.49000 79.90000 74.55000 68.77000 63.89000 58.89000 54.34000 50.20000
96.75000 96.63000 96.52000 96.65000 96.59000 96.71000 96.62000 96.30000 95.84000 94.95000 93.57000 90.59000 88.24000 83.91000 79.54000 74.43000 69.20000 63.63000 58.43000 53.96000 50.01000
96.75000 96.66000 96.54000 96.61000 96.60000 96.64000 96.58000 96.34000 95.97000 94.63000 93.17000 91.07000 87.64000 84.06000 79.89000 74.69000 68.96000 64.43000 58.65000 53.99000 50.52000
96.75000 96.63000 96.58000 96.62000 96.63000 96.70000 96.55000 96.25000 95.85000 94.85000 93.14000 90.91000 87.95000 83.82000 79.08000 74.11000 69.09000 64.34000 58.40000 54.78000 49.93000
96.75000 96.61000 96.69000 96.54000 96.68000 96.64000 96.62000 96.24000 95.63000 94.69000 93.42000 91.33000 88.00000 83.90000 79.28000 75.01000 69.07000 64.21000 59.33000 54.53000 50.11000
96.75000 96.59000 96.69000 96.62000 96.67000 96.70000 96.49000 96.31000 95.70000 94.73000 93.43000 90.96000 88.54000 83.99000 79.18000 74.21000 69.32000 63.94000 58.83000 54.43000 49.88000
96.75000 96.61000 96.62000 96.59000 96.74000 96.59000 96.53000 96.28000 95.77000 94.84000 93.43000 91.39000 87.91000 83.78000 79.20000 74.79000 69.35000 63.96000 59.41000 54.47000 49.74000
96.75000 96.64000 96.64000 96.67000 96.62000 96.64000 96.42000 96.31000 95.79000 94.97000 93.18000 91.16000 88.09000 84.43000 79.20000 73.99000 68.83000 64.15000 59.47000 54.38000 50.48000
96.75000 96.69000 96.57000 96.63000 96.56000 96.78000 96.53000 96.33000 95.86000 95.02000 93.33000 90.94000 87.73000 84.18000 79.72000 74.82000 69.16000 63.93000 58.87000 53.66000 50.54000
96.75000 96.69000 96.55000 96.62000 96.64000 96.65000 96.55000 96.29000 95.75000 94.66000 93.23000 91.02000 87.89000 84.05000 79.66000 75.04000 69.81000 63.59000 58.60000 54.93000 50.32000
96.75000 96.56000 96.65000 96.67000 96.57000 96.67000 96.46000 96.30000 95.82000 94.83000 93.30000 90.89000 87.55000 84.60000 79.73000 74.13000 70.00000 63.96000 58.98000 54.57000 50.05000
