0.00000 0.05000 0.10000 0.15000 0.20000 0.25000 0.30000 0.35000 0.40000 0.45000 0.50000 0.55000 0.60000 0.65000 0.70000 0.75000 0.80000 0.85000 0.90000 0.95000 1.00000
92.60000 92.46000 92.31000 92.41000 92.37000 92.32000 92.34000 92.40000 92.42000 92.22000 92.10000 92.08000 91.90000 91.61000 91.14000 90.67000 89.80000 88.61000 87.67000 85.99000 84.10000
92.60000 92.45000 92.34000 92.34000 92.37000 92.37000 92.36000 92.35000 92.23000 92.23000 92.20000 91.99000 91.85000 91.67000 91.25000 90.82000 89.54000 88.57000 87.72000 86.45000 84.06000
92.60000 92.42000 92.29000 92.39000 92.32000 92.37000 92.33000 92.41000 92.19000 92.24000 92.39000 92.22000 91.88000 91.40000 91.09000 90.76000 90.12000 89.18000 87.65000 86.07000 84.35000
92.60000 92.52000 92.35000 92.37000 92.38000 92.33000 92.35000 92.44000 92.34000 92.31000 92.18000 92.05000 91.82000 91.74000 90.95000 90.74000 89.78000 89.02000 87.83000 86.63000 84.43000
92.60000 92.48000 92.38000 92.29000 92.38000 92.38000 92.35000 92.33000 92.37000 92.29000 92.21000 91.99000 91.83000 91.57000 91.17000 90.72000 89.84000 89.04000 88.02000 86.31000 84.49000
92.60000 92.50000 92.32000 92.27000 92.34000 92.26000 92.34000 92.39000 92.25000 92.34000 92.24000 92.09000 91.84000 91.67000 91.15000 90.40000 89.84000 89.24000 87.83000 86.07000 84.66000
92.60000 92.45000 92.40000 92.31000 92.38000 92.46000 92.45000 92.36000 92.29000 92.20000 92.14000 92.01000 91.76000 91.61000 90.96000 90.49000 89.87000 88.89000 87.73000 86.22000 84.40000
92.60000 92.41000 92.31000 92.43000 92.41000 92.33000 92.24000 92.38000 92.34000 92.19000 92.10000 92.06000 91.77000 91.54000 91.24000 90.44000 89.88000 88.88000 87.99000 86.05000 84.44000
92.60000 92.48000 92.32000 92.38000 92.39000 92.30000 92.27000 92.35000 92.37000 92.25000 92.11000 91.86000 91.92000 91.61000 91.15000 90.71000 89.98000 88.94000 87.65000 86.15000 84.60000
92.60000 92.46000 92.44000 92.32000 92.27000 92.38000 92.37000 92.36000 92.22000 92.26000 92.21000 92.14000 91.98000 91.46000 91.06000 90.49000 89.82000 89.05000 87.84000 86.33000 84.38000
92.60000 92.46000 92.34000 92.42000 92.41000 92.34000 92.31000 92.33000 92.39000 92.31000 92.26000 92.05000 91.90000 91.62000 91.23000 90.44000 89.79000 88.85000 87.84000 85.96000 84.20000
92.60000 92.46000 92.42000 92.24000 92.46000 92.32000 92.43000 92.41000 92.20000 92.16000 92.05000 92.07000 91.84000 91.50000 91.04000 90.75000 89.97000 89.03000 87.46000 86.30000 83.92000
92.60000 92.43000 92.41000 92.32000 92.33000 92.34000 92.32000 92.31000 92.22000 92.29000 92.17000 92.14000 91.96000 91.55000 91.18000 90.56000 89.92000 88.96000 87.55000 86.53000 84.84000
92.60000 92.48000 92.30000 92.40000 92.40000 92.39000 92.29000 92.25000 92.29000 92.22000 92.11000 91.93000 91.80000 91.56000 91.39000 90.63000 90.03000 89.14000 87.69000 86.18000 84.50000
92.60000 92.54000 92.32000 92.32000 92.40000 92.37000 92.37000 92.31000 92.31000 92.26000 92.25000 92.00000 91.85000 91.58000 91.27000 90.95000 89.70000 88.84000 87.69000 86.48000 84.42000
92.60000 92.48000 92.24000 92.40000 92.32000 92.30000 92.40000 92.22000 92.27000 92.32000 92.12000 92.07000 91.78000 91.67000 91.14000 90.63000 89.74000 88.64000 87.99000 86.28000 84.75000
92.60000 92.46000 92.35000 92.36000 92.28000 92.29000 92.38000 92.32000 92.40000 92.21000 92.09000 92.16000 91.81000 91.64000 91.24000 90.77000 89.82000 88.79000 87.47000 86.01000 84.62000
92.60000 92.42000 92.36000 92.33000 92.30000 92.28000 92.34000 92.30000 92.24000 92.29000 92.22000 92.12000 91.82000 91.45000 91.01000 90.71000 89.77000 88.94000 87.46000 86.00000 84.77000
92.60000 92.42000 92.33000 92.35000 92.32000 92.35000 92.34000 92.38000 92.34000 92.29000 92.15000 92.12000 91.81000 91.43000 91.10000 90.56000 89.82000 88.96000 87.51000 86.23000 83.92000
92.60000 92.45000 92.36000 92.29000 92.31000 92.27000 92.35000 92.27000 92.35000 92.39000 92.20000 92.06000 91.86000 91.48000 90.99000 90.60000 90.01000 88.71000 87.95000 86.07000 84.58000
