# epoch | tr.acc. | te.acc. | tr.loss | te.loss
0.00000 87.59833 88.16000 2.49947 2.46158
1.00000 90.03333 90.09000 1.93931 1.92096
2.00000 90.55333 90.33000 1.76106 1.75932
3.00000 90.79500 90.36000 1.65086 1.64865
4.00000 91.17500 90.75000 1.58480 1.58672
5.00000 91.32833 91.00000 1.52210 1.52270
6.00000 91.66000 91.14000 1.43993 1.43652
7.00000 91.94333 91.27000 1.36197 1.37489
8.00000 92.08167 91.50000 1.28594 1.29971
9.00000 92.17167 91.51000 1.23771 1.25060
10.00000 92.33000 91.62000 1.20231 1.22094
11.00000 92.38167 91.54000 1.17443 1.20917
12.00000 92.61500 92.00000 1.14258 1.17479
13.00000 92.76500 92.01000 1.12533 1.16104
14.00000 92.74167 92.12000 1.11389 1.14866
15.00000 92.82833 92.31000 1.09472 1.13712
16.00000 92.89333 92.23000 1.08233 1.12424
17.00000 92.87167 92.06000 1.08538 1.13261
18.00000 93.01333 92.35000 1.07106 1.11255
19.00000 93.06000 92.44000 1.07044 1.12190
20.00000 93.02500 92.26000 1.06302 1.11066
21.00000 93.17167 92.40000 1.04915 1.10379
22.00000 93.22167 92.36000 1.04709 1.10976
23.00000 93.23000 92.58000 1.04318 1.09863
24.00000 93.29500 92.45000 1.03688 1.10063
25.00000 93.30333 92.48000 1.03228 1.09448
26.00000 93.37000 92.52000 1.02919 1.10180
27.00000 93.42667 92.54000 1.02891 1.10190
28.00000 93.33833 92.41000 1.02343 1.09850
29.00000 93.28667 92.29000 1.02529 1.09990
30.00000 93.45833 92.56000 1.02092 1.10167
31.00000 93.40000 92.30000 1.01541 1.10160
32.00000 93.56500 92.67000 1.01266 1.09350
33.00000 93.49833 92.50000 1.01557 1.10078
34.00000 93.49667 92.53000 1.00753 1.09128
35.00000 93.46000 92.45000 1.00269 1.09057
36.00000 93.50167 92.45000 1.00759 1.09842
37.00000 93.43667 92.44000 1.01133 1.10508
38.00000 93.54667 92.62000 1.00033 1.09337
39.00000 93.59667 92.60000 0.99764 1.08701
40.00000 93.60000 92.69000 0.99148 1.08943
41.00000 93.67000 92.70000 1.00040 1.09908
42.00000 93.62500 92.60000 0.98921 1.08490
43.00000 93.53000 92.36000 0.99757 1.09878
44.00000 93.63000 92.52000 0.98655 1.08993
45.00000 93.61167 92.59000 0.98370 1.08911
46.00000 93.71167 92.51000 0.98093 1.08942
47.00000 93.71333 92.69000 0.97834 1.08774
48.00000 93.68333 92.51000 0.97869 1.08781
49.00000 93.69667 92.60000 0.97655 1.08578
