0.00000 0.05000 0.10000 0.15000 0.20000 0.25000 0.30000 0.35000 0.40000 0.45000 0.50000 0.55000 0.60000 0.65000 0.70000 0.75000 0.80000 0.85000 0.90000 0.95000 1.00000
92.86000 92.73000 92.66000 92.66000 92.66000 92.57000 92.61000 92.54000 92.41000 92.32000 92.02000 92.14000 91.70000 91.31000 90.90000 90.13000 89.27000 88.19000 86.48000 83.99000 82.47000
92.86000 92.71000 92.59000 92.60000 92.54000 92.53000 92.57000 92.47000 92.60000 92.25000 92.20000 91.99000 91.74000 91.36000 90.82000 90.05000 89.29000 88.01000 86.53000 84.72000 82.33000
92.86000 92.66000 92.64000 92.69000 92.55000 92.54000 92.53000 92.52000 92.36000 92.19000 92.01000 91.99000 91.64000 91.29000 90.77000 90.28000 89.18000 88.24000 86.32000 84.43000 82.37000
92.86000 92.66000 92.56000 92.57000 92.47000 92.53000 92.55000 92.44000 92.28000 92.23000 92.23000 91.90000 91.65000 91.41000 90.75000 90.10000 89.31000 88.08000 86.98000 84.61000 82.04000
92.86000 92.65000 92.63000 92.59000 92.51000 92.47000 92.56000 92.44000 92.37000 92.34000 92.13000 91.87000 91.66000 91.37000 90.76000 90.33000 89.08000 88.12000 86.58000 84.71000 82.19000
92.86000 92.72000 92.57000 92.72000 92.59000 92.56000 92.48000 92.54000 92.25000 92.27000 92.13000 92.06000 91.64000 91.27000 90.89000 90.26000 89.31000 88.25000 86.82000 85.01000 82.01000
92.86000 92.62000 92.65000 92.63000 92.58000 92.54000 92.41000 92.46000 92.40000 92.31000 91.98000 91.98000 91.93000 91.36000 90.88000 90.18000 89.20000 88.21000 86.42000 84.99000 81.94000
92.86000 92.75000 92.64000 92.52000 92.61000 92.52000 92.47000 92.43000 92.42000 92.34000 92.25000 91.99000 91.67000 91.30000 90.86000 90.05000 89.41000 88.20000 86.82000 84.46000 82.36000
92.86000 92.77000 92.67000 92.65000 92.58000 92.63000 92.50000 92.37000 92.45000 92.30000 92.19000 91.83000 91.73000 91.40000 90.76000 90.23000 89.52000 88.10000 86.42000 84.85000 82.17000
92.86000 92.62000 92.68000 92.62000 92.67000 92.54000 92.48000 92.34000 92.46000 92.19000 92.05000 91.82000 91.68000 91.43000 90.95000 90.20000 89.53000 88.25000 86.48000 84.94000 82.25000
92.86000 92.66000 92.61000 92.60000 92.54000 92.55000 92.49000 92.45000 92.30000 92.37000 92.18000 91.90000 91.78000 91.35000 90.94000 90.23000 89.39000 88.33000 87.04000 84.94000 82.20000
92.86000 92.67000 92.60000 92.62000 92.58000 92.58000 92.59000 92.46000 92.33000 92.39000 92.09000 91.90000 91.53000 91.17000 91.00000 90.31000 89.53000 88.21000 86.37000 84.38000 82.06000
92.86000 92.63000 92.54000 92.48000 92.53000 92.59000 92.45000 92.54000 92.38000 92.22000 92.26000 91.95000 91.68000 91.44000 91.02000 90.15000 89.22000 88.27000 86.75000 84.50000 82.58000
92.86000 92.66000 92.64000 92.60000 92.65000 92.56000 92.47000 92.42000 92.51000 92.32000 92.20000 91.89000 91.48000 91.26000 90.95000 90.01000 89.37000 88.13000 86.47000 85.01000 82.58000
92.86000 92.69000 92.68000 92.65000 92.53000 92.47000 92.65000 92.42000 92.40000 92.32000 92.07000 92.03000 91.72000 91.27000 90.85000 90.22000 89.50000 88.40000 86.67000 84.79000 82.13000
92.86000 92.72000 92.52000 92.60000 92.65000 92.49000 92.48000 92.47000 92.32000 92.27000 92.20000 91.98000 91.73000 91.29000 90.65000 90.02000 89.29000 88.24000 86.53000 84.55000 82.14000
92.86000 92.75000 92.57000 92.62000 92.52000 92.56000 92.48000 92.44000 92.29000 92.21000 92.14000 91.97000 91.59000 91.09000 90.74000 90.49000 89.15000 88.15000 86.70000 84.82000 82.41000
92.86000 92.76000 92.62000 92.53000 92.61000 92.58000 92.60000 92.37000 92.35000 92.27000 92.16000 91.88000 91.58000 91.33000 90.75000 90.38000 89.18000 88.01000 86.20000 84.35000 82.90000
92.86000 92.68000 92.69000 92.60000 92.60000 92.55000 92.53000 92.48000 92.28000 92.32000 92.21000 91.84000 91.76000 91.54000 90.76000 89.82000 89.50000 88.24000 86.64000 84.52000 82.53000
92.86000 92.71000 92.66000 92.57000 92.62000 92.52000 92.58000 92.51000 92.43000 92.17000 91.99000 91.84000 91.72000 91.43000 90.98000 90.11000 89.48000 88.16000 86.18000 84.71000 82.61000
