0.00000 0.05000 0.10000 0.15000 0.20000 0.25000 0.30000 0.35000 0.40000 0.45000 0.50000 0.55000 0.60000 0.65000 0.70000 0.75000 0.80000 0.85000 0.90000 0.95000 1.00000
93.35000 93.36000 93.33000 93.27000 93.20000 93.17000 92.95000 92.93000 92.80000 92.78000 92.74000 92.46000 92.36000 92.44000 92.56000 92.17000 91.98000 92.13000 91.69000 91.66000 91.71000
93.35000 93.48000 93.13000 93.32000 93.21000 93.12000 93.05000 93.02000 92.91000 92.95000 92.79000 92.66000 92.25000 92.44000 92.51000 92.24000 92.22000 91.80000 91.98000 91.98000 91.68000
93.35000 93.34000 93.26000 93.27000 93.15000 93.08000 93.02000 93.10000 93.00000 92.81000 92.65000 92.48000 92.47000 92.71000 92.22000 92.45000 92.11000 91.97000 92.12000 91.87000 91.47000
93.35000 93.36000 93.32000 93.23000 93.23000 93.04000 93.00000 92.96000 93.06000 92.80000 92.79000 92.72000 92.43000 92.22000 92.75000 92.28000 92.07000 92.05000 92.00000 91.62000 91.48000
93.35000 93.30000 93.39000 93.35000 93.09000 93.10000 93.05000 92.98000 92.97000 92.82000 92.74000 92.68000 92.44000 92.55000 92.31000 92.12000 91.97000 91.94000 92.08000 91.70000 91.78000
93.35000 93.34000 93.40000 93.25000 93.32000 93.13000 93.13000 93.02000 92.93000 92.67000 92.64000 92.61000 92.60000 92.35000 92.36000 92.36000 91.95000 91.99000 92.00000 91.74000 91.87000
93.35000 93.27000 93.33000 93.32000 93.20000 93.11000 92.91000 93.04000 92.90000 92.88000 92.87000 92.58000 92.76000 92.44000 92.18000 92.21000 92.21000 92.14000 91.88000 91.57000 91.73000
93.35000 93.27000 93.24000 93.30000 93.24000 93.18000 92.97000 93.15000 92.75000 92.78000 92.79000 92.65000 92.64000 92.50000 92.23000 92.24000 92.11000 92.11000 91.81000 91.45000 91.45000
93.35000 93.42000 93.25000 93.16000 93.16000 93.08000 93.17000 93.04000 92.97000 92.79000 92.73000 92.54000 92.37000 92.39000 92.65000 92.19000 92.17000 92.18000 92.13000 92.07000 91.90000
93.35000 93.30000 93.31000 93.31000 93.28000 93.17000 93.07000 92.83000 92.93000 92.62000 92.65000 92.61000 92.70000 92.55000 92.24000 92.26000 91.97000 91.89000 91.74000 91.73000 91.61000
93.35000 93.40000 93.22000 93.33000 93.31000 93.24000 92.96000 92.97000 92.93000 92.78000 92.63000 92.52000 92.52000 92.58000 92.30000 92.16000 91.94000 91.88000 91.96000 91.97000 91.65000
93.35000 93.38000 93.38000 93.27000 93.22000 93.22000 93.00000 92.87000 92.81000 92.76000 92.77000 92.65000 92.66000 92.60000 92.30000 92.04000 92.04000 92.10000 91.96000 91.91000 91.96000
93.35000 93.36000 93.29000 93.27000 93.16000 93.23000 93.17000 92.99000 92.69000 92.92000 92.79000 92.64000 92.50000 92.47000 92.18000 91.99000 92.22000 91.77000 91.77000 91.71000 91.66000
93.35000 93.45000 93.40000 93.26000 93.10000 93.08000 93.08000 92.83000 93.02000 92.84000 92.73000 92.71000 92.62000 92.24000 92.20000 92.46000 92.27000 91.95000 91.76000 91.75000 91.56000
93.35000 93.45000 93.24000 93.25000 93.17000 93.09000 92.98000 92.74000 92.95000 92.79000 92.73000 92.80000 92.51000 92.51000 92.21000 92.27000 92.22000 91.85000 91.70000 91.62000 91.70000
93.35000 93.18000 93.36000 93.26000 93.24000 93.19000 93.08000 93.02000 92.84000 92.66000 92.89000 92.60000 92.37000 92.58000 92.19000 92.20000 92.10000 91.87000 91.79000 91.90000 91.39000
93.35000 93.31000 93.33000 93.22000 93.32000 93.02000 93.07000 92.93000 92.84000 92.88000 92.62000 92.50000 92.56000 92.36000 92.23000 92.17000 91.89000 92.14000 92.06000 92.08000 91.80000
93.35000 93.36000 93.24000 93.20000 93.31000 93.16000 92.94000 92.96000 92.77000 92.78000 92.55000 92.48000 92.68000 92.36000 92.39000 92.05000 92.19000 92.20000 92.00000 91.79000 91.93000
93.35000 93.40000 93.34000 93.21000 93.16000 93.10000 93.03000 93.04000 92.86000 92.97000 92.50000 92.76000 92.74000 92.43000 92.54000 92.07000 91.98000 92.00000 91.92000 91.70000 91.99000
93.35000 93.41000 93.26000 93.19000 93.31000 93.03000 92.94000 92.97000 92.98000 92.62000 92.71000 92.58000 92.58000 92.45000 92.41000 92.24000 92.18000 92.10000 91.99000 91.93000 91.70000
