0.00000 0.05000 0.10000 0.15000 0.20000 0.25000 0.30000 0.35000 0.40000 0.45000 0.50000 0.55000 0.60000 0.65000 0.70000 0.75000 0.80000 0.85000 0.90000 0.95000 1.00000
93.35000 93.45000 93.46000 93.51000 93.53000 93.53000 93.50000 93.57000 93.54000 93.55000 93.56000 93.60000 93.63000 93.53000 93.65000 93.48000 93.47000 93.58000 93.44000 93.54000 93.57000
93.35000 93.39000 93.52000 93.51000 93.50000 93.56000 93.65000 93.50000 93.55000 93.57000 93.50000 93.63000 93.58000 93.57000 93.57000 93.59000 93.53000 93.50000 93.57000 93.53000 93.58000
93.35000 93.44000 93.51000 93.53000 93.59000 93.66000 93.52000 93.55000 93.59000 93.66000 93.57000 93.64000 93.53000 93.60000 93.61000 93.53000 93.60000 93.62000 93.56000 93.47000 93.44000
93.35000 93.43000 93.51000 93.54000 93.53000 93.53000 93.55000 93.60000 93.66000 93.59000 93.59000 93.65000 93.58000 93.68000 93.58000 93.60000 93.61000 93.66000 93.63000 93.53000 93.50000
93.35000 93.45000 93.51000 93.52000 93.55000 93.63000 93.53000 93.63000 93.57000 93.64000 93.61000 93.65000 93.62000 93.64000 93.61000 93.56000 93.55000 93.51000 93.53000 93.51000 93.47000
93.35000 93.46000 93.54000 93.57000 93.55000 93.57000 93.63000 93.59000 93.50000 93.65000 93.49000 93.55000 93.56000 93.59000 93.62000 93.56000 93.49000 93.58000 93.61000 93.57000 93.61000
93.35000 93.41000 93.49000 93.59000 93.53000 93.57000 93.48000 93.58000 93.54000 93.62000 93.58000 93.61000 93.60000 93.64000 93.55000 93.63000 93.62000 93.60000 93.76000 93.53000 93.52000
93.35000 93.38000 93.51000 93.48000 93.63000 93.47000 93.52000 93.59000 93.65000 93.53000 93.58000 93.67000 93.53000 93.75000 93.60000 93.56000 93.60000 93.54000 93.55000 93.47000 93.54000
93.35000 93.40000 93.49000 93.48000 93.48000 93.54000 93.59000 93.51000 93.57000 93.59000 93.62000 93.53000 93.61000 93.64000 93.60000 93.57000 93.44000 93.58000 93.54000 93.56000 93.52000
93.35000 93.46000 93.53000 93.55000 93.54000 93.63000 93.60000 93.53000 93.61000 93.56000 93.62000 93.51000 93.57000 93.52000 93.61000 93.56000 93.66000 93.60000 93.66000 93.63000 93.38000
93.35000 93.43000 93.45000 93.49000 93.52000 93.53000 93.50000 93.61000 93.54000 93.57000 93.58000 93.53000 93.64000 93.66000 93.66000 93.61000 93.65000 93.69000 93.55000 93.57000 93.56000
93.35000 93.40000 93.49000 93.48000 93.54000 93.60000 93.51000 93.54000 93.66000 93.61000 93.64000 93.67000 93.65000 93.60000 93.47000 93.44000 93.51000 93.56000 93.53000 93.47000 93.61000
93.35000 93.39000 93.47000 93.51000 93.50000 93.60000 93.57000 93.60000 93.56000 93.54000 93.62000 93.65000 93.56000 93.64000 93.66000 93.64000 93.59000 93.56000 93.39000 93.50000 93.60000
93.35000 93.37000 93.44000 93.56000 93.55000 93.57000 93.58000 93.60000 93.64000 93.54000 93.59000 93.61000 93.53000 93.68000 93.51000 93.56000 93.43000 93.52000 93.54000 93.45000 93.54000
93.35000 93.40000 93.50000 93.53000 93.54000 93.57000 93.54000 93.67000 93.58000 93.65000 93.61000 93.64000 93.66000 93.55000 93.64000 93.62000 93.56000 93.53000 93.52000 93.63000 93.45000
93.35000 93.40000 93.51000 93.55000 93.58000 93.58000 93.47000 93.58000 93.67000 93.66000 93.62000 93.58000 93.57000 93.54000 93.62000 93.54000 93.58000 93.48000 93.56000 93.50000 93.44000
93.35000 93.41000 93.42000 93.45000 93.57000 93.63000 93.58000 93.54000 93.58000 93.64000 93.66000 93.56000 93.62000 93.62000 93.60000 93.58000 93.55000 93.58000 93.57000 93.53000 93.63000
93.35000 93.44000 93.49000 93.59000 93.53000 93.62000 93.64000 93.57000 93.51000 93.62000 93.67000 93.62000 93.62000 93.60000 93.54000 93.55000 93.56000 93.59000 93.48000 93.51000 93.63000
93.35000 93.42000 93.46000 93.53000 93.52000 93.67000 93.62000 93.63000 93.63000 93.63000 93.63000 93.56000 93.56000 93.58000 93.64000 93.62000 93.51000 93.55000 93.54000 93.57000 93.57000
93.35000 93.42000 93.46000 93.55000 93.49000 93.54000 93.64000 93.67000 93.54000 93.53000 93.62000 93.64000 93.58000 93.64000 93.63000 93.50000 93.52000 93.61000 93.55000 93.68000 93.56000
