0.00000 0.05000 0.10000 0.15000 0.20000 0.25000 0.30000 0.35000 0.40000 0.45000 0.50000 0.55000 0.60000 0.65000 0.70000 0.75000 0.80000 0.85000 0.90000 0.95000 1.00000
93.35000 93.12000 93.04000 93.05000 93.08000 93.16000 93.07000 92.94000 92.91000 92.39000 91.86000 91.22000 89.78000 88.22000 86.04000 83.52000 80.58000 76.74000 73.30000 69.03000 64.70000
93.35000 93.19000 93.07000 93.09000 93.03000 92.97000 92.94000 92.90000 92.86000 92.56000 91.92000 90.99000 89.85000 88.54000 86.26000 83.28000 80.63000 76.86000 72.31000 69.62000 64.64000
93.35000 93.22000 93.16000 93.12000 93.05000 93.18000 93.12000 93.03000 92.71000 92.34000 91.74000 90.95000 89.72000 88.51000 86.17000 83.56000 80.88000 76.85000 72.77000 69.10000 64.44000
93.35000 93.21000 93.05000 93.04000 93.10000 93.19000 93.10000 92.92000 92.62000 92.58000 91.86000 91.11000 89.75000 88.13000 86.25000 83.61000 80.59000 77.32000 73.18000 69.23000 64.77000
93.35000 93.11000 93.17000 93.10000 93.15000 93.21000 93.02000 93.00000 92.67000 92.44000 91.98000 91.37000 89.79000 88.30000 86.16000 83.33000 80.13000 77.06000 73.22000 69.10000 65.25000
93.35000 93.22000 93.00000 93.16000 93.10000 92.98000 93.10000 92.93000 92.77000 92.39000 91.94000 91.06000 89.85000 88.17000 86.18000 83.99000 80.84000 77.19000 73.27000 69.85000 64.32000
93.35000 93.23000 93.02000 93.06000 93.10000 93.17000 93.10000 92.83000 92.76000 92.36000 92.05000 91.10000 89.70000 88.61000 86.12000 83.75000 80.92000 76.78000 73.00000 69.00000 64.15000
93.35000 93.22000 93.16000 93.11000 93.07000 93.05000 93.12000 92.91000 92.75000 92.23000 91.89000 90.89000 90.06000 88.18000 86.52000 84.14000 80.51000 76.77000 72.70000 68.31000 64.68000
93.35000 93.15000 93.05000 93.05000 93.09000 93.11000 93.20000 92.95000 92.91000 92.59000 91.71000 91.20000 89.80000 88.28000 86.54000 83.74000 80.75000 77.41000 72.98000 69.32000 64.42000
93.35000 93.12000 93.16000 93.14000 93.01000 93.12000 93.08000 92.92000 92.86000 92.33000 92.03000 90.95000 90.08000 88.33000 86.13000 83.49000 80.30000 76.61000 73.21000 69.04000 64.15000
93.35000 93.16000 93.07000 93.10000 93.20000 93.13000 92.96000 92.96000 92.79000 92.52000 92.05000 90.84000 89.60000 88.30000 86.39000 83.99000 80.46000 77.07000 72.72000 69.13000 64.20000
93.35000 93.19000 93.01000 93.05000 93.10000 93.12000 93.19000 93.00000 92.89000 92.48000 91.90000 90.96000 89.60000 88.15000 86.77000 83.49000 80.69000 77.06000 73.26000 68.66000 65.19000
93.35000 93.16000 93.07000 93.11000 93.13000 93.10000 93.12000 92.95000 92.69000 92.47000 91.70000 91.08000 89.92000 88.25000 86.50000 83.52000 80.57000 76.74000 73.18000 68.80000 64.92000
93.35000 93.24000 93.00000 93.11000 93.15000 93.15000 93.00000 92.94000 92.90000 92.30000 91.76000 91.05000 89.85000 88.12000 86.06000 83.85000 80.50000 76.91000 73.53000 69.79000 64.82000
93.35000 93.15000 93.12000 93.06000 93.07000 93.06000 93.14000 92.95000 92.74000 92.38000 91.88000 91.17000 89.84000 88.37000 86.41000 83.11000 80.41000 76.73000 72.79000 68.71000 65.13000
93.35000 93.16000 93.10000 93.11000 93.15000 93.18000 92.94000 93.09000 92.73000 92.42000 91.76000 91.03000 89.80000 88.19000 85.86000 83.56000 81.38000 77.14000 73.45000 69.33000 64.08000
93.35000 93.12000 93.16000 93.14000 93.13000 93.13000 93.03000 93.01000 92.68000 92.49000 92.02000 90.81000 89.87000 88.56000 85.92000 83.26000 79.99000 77.25000 72.56000 68.97000 64.42000
93.35000 93.15000 93.06000 93.15000 93.09000 93.16000 93.05000 92.86000 92.61000 92.45000 91.89000 91.06000 90.05000 88.10000 86.80000 83.29000 80.34000 76.92000 72.86000 69.00000 64.41000
93.35000 93.09000 93.10000 93.08000 93.10000 93.00000 93.06000 92.94000 92.75000 92.49000 91.84000 91.11000 89.92000 88.42000 86.52000 83.65000 80.89000 77.04000 73.23000 68.70000 64.98000
93.35000 93.17000 93.19000 93.10000 93.19000 93.19000 93.13000 92.97000 92.79000 92.34000 92.02000 90.77000 89.76000 88.06000 86.01000 83.51000 79.99000 77.38000 73.13000 69.43000 65.30000
