# epoch | tr.acc. | te.acc. | tr.loss | te.loss
0.00000 87.22000 87.94000 2.53155 2.48553
1.00000 90.21167 90.35000 1.87527 1.84656
2.00000 90.84333 91.03000 1.62869 1.60768
3.00000 91.43000 91.71000 1.44067 1.43631
4.00000 91.92500 91.96000 1.30999 1.30815
5.00000 92.12000 92.07000 1.23204 1.23309
6.00000 92.35667 91.99000 1.16649 1.18065
7.00000 92.49333 92.13000 1.12529 1.14420
8.00000 92.66000 92.31000 1.09360 1.11598
9.00000 92.78333 92.41000 1.07048 1.09245
10.00000 92.96833 92.50000 1.04128 1.07785
11.00000 93.19667 92.50000 1.01431 1.05642
12.00000 93.36000 92.88000 0.98820 1.02953
13.00000 93.59167 93.16000 0.96491 1.00787
14.00000 93.66500 93.01000 0.93759 0.99026
15.00000 93.72167 93.17000 0.91973 0.96886
16.00000 93.86167 93.26000 0.90259 0.95838
17.00000 94.02500 93.45000 0.88727 0.94862
18.00000 93.95500 93.21000 0.87467 0.94206
19.00000 94.11667 93.17000 0.86588 0.93811
20.00000 94.19000 93.30000 0.85351 0.93071
21.00000 94.11333 93.11000 0.85944 0.94536
22.00000 94.24500 93.41000 0.84447 0.92326
23.00000 94.33667 93.55000 0.83990 0.91668
24.00000 94.26667 93.32000 0.83749 0.92577
25.00000 94.32333 93.37000 0.82855 0.91640
26.00000 94.41667 93.42000 0.82394 0.90999
27.00000 94.35333 93.20000 0.82679 0.92797
28.00000 94.46667 93.22000 0.81389 0.91198
29.00000 94.41333 93.30000 0.81530 0.91996
30.00000 94.54333 93.52000 0.80528 0.90137
31.00000 94.49000 93.36000 0.80537 0.91207
32.00000 94.60333 93.39000 0.79689 0.90548
33.00000 94.65000 93.64000 0.79697 0.90548
34.00000 94.58667 93.28000 0.79264 0.90361
35.00000 94.63000 93.40000 0.78726 0.89777
36.00000 94.70667 93.50000 0.78680 0.90408
37.00000 94.76000 93.53000 0.78836 0.90311
38.00000 94.62667 93.46000 0.78198 0.90053
39.00000 94.75333 93.48000 0.77657 0.89949
40.00000 94.81500 93.52000 0.77911 0.90220
41.00000 94.74167 93.48000 0.77649 0.89942
42.00000 94.80167 93.34000 0.77461 0.90412
43.00000 94.82000 93.68000 0.77698 0.90207
44.00000 94.76833 93.32000 0.77266 0.90396
45.00000 94.78333 93.39000 0.77077 0.90111
46.00000 94.76667 93.31000 0.76809 0.90463
47.00000 94.89667 93.47000 0.76328 0.89545
48.00000 94.90500 93.51000 0.76266 0.89476
49.00000 94.89667 93.35000 0.76090 0.90094
