0.00000 0.05000 0.10000 0.15000 0.20000 0.25000 0.30000 0.35000 0.40000 0.45000 0.50000 0.55000 0.60000 0.65000 0.70000 0.75000 0.80000 0.85000 0.90000 0.95000 1.00000
96.99000 97.07000 97.04000 97.04000 97.06000 97.20000 97.11000 97.08000 97.14000 97.01000 97.09000 97.14000 97.13000 97.07000 96.97000 97.01000 97.04000 97.00000 96.96000 96.93000 96.95000
96.99000 97.04000 97.07000 97.14000 97.12000 97.14000 97.20000 97.21000 97.09000 97.13000 97.04000 97.15000 97.08000 97.05000 96.98000 97.04000 96.98000 97.03000 97.04000 96.97000 96.95000
96.99000 97.06000 97.14000 97.08000 97.17000 97.12000 97.05000 97.12000 97.07000 97.06000 96.99000 97.04000 97.08000 97.04000 97.12000 97.00000 97.02000 97.04000 96.98000 96.90000 97.00000
96.99000 97.09000 97.09000 97.10000 97.14000 97.14000 97.10000 97.13000 97.05000 97.07000 97.12000 97.06000 97.04000 97.10000 97.04000 97.01000 96.88000 97.05000 97.02000 96.93000 96.98000
96.99000 97.05000 97.09000 97.09000 97.10000 97.14000 97.10000 97.11000 97.13000 97.15000 96.99000 97.00000 97.13000 97.01000 97.11000 97.09000 97.02000 96.94000 97.01000 96.90000 96.95000
96.99000 97.06000 97.07000 97.05000 97.08000 96.99000 97.13000 97.10000 97.09000 97.07000 97.10000 97.09000 97.13000 97.06000 97.16000 96.96000 97.07000 96.92000 97.03000 96.95000 96.95000
96.99000 97.06000 97.09000 97.12000 97.07000 97.06000 97.07000 97.13000 97.09000 97.13000 97.07000 97.05000 97.09000 97.07000 97.07000 97.00000 97.02000 97.02000 96.99000 96.93000 96.87000
96.99000 97.02000 97.06000 97.09000 97.14000 97.16000 97.12000 97.12000 97.12000 97.09000 97.14000 97.12000 97.02000 97.13000 97.02000 97.04000 97.04000 97.06000 96.96000 97.05000 96.95000
96.99000 97.10000 97.09000 97.13000 97.13000 97.08000 97.13000 97.14000 97.11000 97.11000 97.07000 97.11000 97.09000 97.10000 97.05000 96.99000 97.09000 96.93000 97.09000 96.96000 96.93000
96.99000 97.04000 97.08000 97.06000 97.11000 97.11000 97.09000 97.08000 97.16000 96.95000 97.03000 97.08000 97.04000 97.06000 97.02000 97.04000 97.07000 96.99000 96.99000 96.92000 96.93000
96.99000 97.06000 97.08000 97.13000 97.08000 97.16000 97.13000 97.12000 97.13000 97.14000 97.07000 97.11000 97.13000 97.05000 97.06000 97.03000 97.03000 97.02000 96.96000 97.03000 96.99000
96.99000 97.07000 97.05000 97.15000 97.09000 97.15000 97.15000 97.08000 97.06000 97.07000 97.13000 97.07000 97.02000 97.08000 97.08000 96.97000 97.00000 97.07000 96.97000 96.92000 96.97000
96.99000 97.08000 97.07000 97.08000 97.13000 97.07000 97.06000 97.05000 97.12000 97.08000 97.10000 97.01000 97.05000 96.99000 97.06000 96.99000 97.09000 97.04000 97.14000 96.94000 96.93000
96.99000 97.03000 97.07000 97.06000 97.13000 97.09000 97.10000 97.13000 97.21000 97.12000 97.01000 97.04000 97.05000 97.12000 97.00000 97.05000 96.98000 97.07000 97.06000 96.93000 96.99000
96.99000 97.07000 97.11000 97.14000 97.08000 97.14000 97.01000 97.15000 97.11000 97.18000 97.10000 97.06000 97.06000 97.05000 97.06000 97.05000 97.01000 96.98000 97.04000 97.03000 96.95000
96.99000 97.07000 97.04000 97.06000 97.14000 97.10000 97.11000 97.15000 97.07000 97.02000 97.09000 97.15000 97.03000 97.04000 97.15000 97.00000 97.05000 97.03000 96.94000 97.05000 96.85000
96.99000 97.08000 97.10000 97.07000 97.02000 97.07000 97.12000 97.14000 97.05000 97.14000 97.08000 97.10000 97.01000 97.06000 97.15000 97.03000 97.02000 97.02000 96.98000 96.95000 96.97000
96.99000 97.06000 97.04000 97.08000 97.13000 97.15000 97.10000 97.08000 97.08000 97.12000 97.07000 97.12000 97.07000 97.08000 97.00000 97.01000 97.01000 97.06000 97.01000 96.94000 96.95000
96.99000 97.03000 97.06000 97.09000 97.07000 97.10000 97.09000 97.11000 97.11000 97.22000 97.11000 97.05000 97.03000 97.05000 97.04000 97.04000 97.12000 97.01000 97.06000 96.85000 96.98000
96.99000 97.04000 97.05000 97.10000 97.07000 97.05000 97.10000 97.12000 97.16000 97.12000 97.06000 97.03000 97.11000 97.03000 96.99000 97.07000 97.08000 96.95000 97.00000 97.00000 96.92000
