0.00000 0.05000 0.10000 0.15000 0.20000 0.25000 0.30000 0.35000 0.40000 0.45000 0.50000 0.55000 0.60000 0.65000 0.70000 0.75000 0.80000 0.85000 0.90000 0.95000 1.00000
96.99000 96.78000 96.63000 96.40000 95.83000 95.45000 94.84000 94.82000 94.52000 93.77000 93.07000 92.49000 92.37000 91.40000 91.14000 91.02000 90.32000 90.28000 89.29000 89.37000 88.59000
96.99000 96.90000 96.55000 96.32000 96.24000 95.50000 95.14000 94.80000 94.25000 93.52000 92.92000 92.92000 92.15000 92.29000 91.32000 90.85000 90.46000 89.59000 89.00000 88.57000 89.18000
96.99000 96.82000 96.63000 96.36000 95.99000 95.50000 95.30000 94.57000 94.04000 93.72000 93.32000 92.48000 91.96000 91.35000 91.09000 90.89000 89.55000 90.14000 89.46000 89.03000 88.71000
96.99000 96.84000 96.64000 96.34000 95.97000 95.56000 95.22000 94.65000 94.24000 93.57000 93.27000 92.67000 92.14000 91.62000 91.47000 90.95000 90.66000 89.79000 89.93000 89.01000 88.47000
96.99000 96.87000 96.62000 96.35000 96.15000 95.43000 95.02000 94.61000 94.38000 93.79000 92.96000 92.63000 91.95000 92.11000 91.26000 90.24000 90.16000 89.65000 89.75000 88.85000 88.75000
96.99000 96.83000 96.71000 96.25000 95.89000 95.55000 95.22000 94.69000 93.90000 93.61000 93.01000 92.54000 92.29000 91.99000 91.43000 91.09000 90.49000 90.28000 89.48000 89.17000 88.37000
96.99000 96.78000 96.64000 96.42000 96.00000 95.64000 95.14000 94.70000 94.52000 93.75000 93.12000 92.94000 92.13000 91.29000 91.47000 90.36000 90.29000 89.68000 89.21000 88.95000 88.29000
96.99000 96.77000 96.65000 96.31000 96.04000 95.40000 95.15000 94.81000 94.12000 93.24000 92.97000 92.73000 92.35000 91.79000 91.28000 90.99000 90.12000 90.09000 89.62000 89.22000 88.62000
96.99000 96.87000 96.56000 96.20000 96.06000 95.62000 95.12000 94.82000 94.48000 93.50000 93.14000 93.02000 91.84000 92.02000 91.13000 90.60000 90.58000 89.79000 89.46000 89.20000 88.38000
96.99000 96.85000 96.54000 96.40000 95.99000 95.26000 95.13000 94.57000 94.26000 93.57000 93.10000 92.79000 92.03000 91.51000 90.98000 91.20000 90.23000 89.91000 89.99000 88.98000 89.00000
96.99000 96.81000 96.57000 96.42000 96.01000 95.66000 95.14000 94.84000 94.10000 93.73000 93.00000 92.70000 92.50000 91.68000 91.34000 91.06000 90.05000 90.11000 89.59000 89.48000 88.77000
96.99000 96.77000 96.56000 96.30000 96.01000 95.88000 94.95000 94.60000 94.45000 93.86000 93.11000 92.63000 92.11000 91.82000 91.10000 90.61000 90.27000 89.94000 89.44000 89.31000 88.83000
96.99000 96.84000 96.60000 96.43000 95.75000 95.71000 94.83000 94.43000 94.13000 93.93000 92.72000 92.37000 92.52000 91.26000 91.31000 90.82000 90.32000 90.31000 89.30000 89.13000 88.79000
96.99000 96.79000 96.68000 96.23000 95.93000 95.55000 95.19000 94.35000 94.15000 93.42000 92.92000 92.78000 92.14000 91.35000 91.22000 90.60000 89.71000 89.93000 89.57000 89.46000 88.98000
96.99000 96.89000 96.55000 96.44000 95.98000 95.63000 95.27000 94.77000 93.92000 93.58000 93.24000 92.22000 92.43000 91.71000 91.23000 90.90000 90.13000 90.13000 89.64000 89.16000 88.26000
96.99000 96.75000 96.67000 96.19000 96.00000 95.38000 95.18000 94.59000 94.22000 93.85000 92.76000 92.75000 92.09000 91.84000 91.63000 90.86000 90.58000 89.87000 89.46000 88.90000 88.44000
96.99000 96.77000 96.54000 96.47000 95.95000 95.70000 95.32000 94.75000 94.02000 93.82000 93.40000 92.36000 92.50000 91.72000 90.88000 90.79000 90.26000 89.43000 89.30000 89.45000 88.17000
96.99000 96.80000 96.69000 96.30000 96.07000 95.54000 94.72000 94.68000 94.11000 93.38000 93.00000 93.05000 92.01000 92.05000 91.37000 90.93000 90.39000 90.28000 89.45000 89.48000 88.45000
96.99000 96.87000 96.59000 96.27000 96.03000 95.50000 95.18000 94.46000 94.06000 93.63000 93.03000 92.73000 92.44000 91.49000 91.05000 90.99000 90.25000 89.94000 89.17000 89.58000 88.47000
96.99000 96.81000 96.56000 96.29000 96.09000 95.51000 95.08000 94.77000 94.34000 93.44000 92.79000 92.26000 92.05000 91.88000 91.22000 90.72000 89.98000 89.78000 89.20000 88.97000 88.48000
