0.00000 0.05000 0.10000 0.15000 0.20000 0.25000 0.30000 0.35000 0.40000 0.45000 0.50000 0.55000 0.60000 0.65000 0.70000 0.75000 0.80000 0.85000 0.90000 0.95000 1.00000
96.99000 96.88000 96.86000 96.92000 96.73000 96.74000 95.99000 94.67000 92.41000 89.19000 84.78000 79.55000 72.38000 67.37000 61.00000 55.23000 50.41000 46.42000 42.63000 38.90000 36.21000
96.99000 96.94000 96.96000 96.89000 96.71000 96.68000 96.10000 94.75000 92.49000 89.27000 84.83000 79.00000 73.64000 67.22000 60.79000 55.94000 50.46000 46.08000 42.02000 39.17000 37.20000
96.99000 96.89000 96.93000 96.89000 96.79000 96.71000 96.12000 94.80000 92.26000 89.30000 84.47000 79.29000 73.79000 67.41000 61.72000 55.39000 50.77000 46.01000 42.56000 39.30000 36.68000
96.99000 96.85000 96.91000 96.85000 96.79000 96.54000 96.04000 94.79000 92.54000 88.90000 84.72000 79.38000 72.97000 67.47000 60.95000 56.20000 50.56000 45.43000 42.21000 39.19000 36.48000
96.99000 96.91000 96.88000 96.79000 96.76000 96.57000 95.82000 94.82000 92.74000 89.16000 84.57000 79.31000 73.08000 67.37000 61.27000 56.13000 50.90000 46.00000 42.41000 39.46000 36.56000
96.99000 96.96000 96.88000 96.85000 96.84000 96.65000 95.97000 94.70000 92.13000 89.39000 84.37000 79.33000 73.44000 67.13000 60.94000 55.79000 50.92000 45.98000 41.83000 39.26000 36.23000
96.99000 96.92000 96.94000 96.93000 96.70000 96.52000 95.94000 94.64000 92.58000 89.00000 84.59000 78.85000 72.93000 67.16000 61.19000 55.51000 50.38000 45.58000 42.02000 39.15000 36.61000
96.99000 96.92000 96.91000 96.89000 96.80000 96.45000 96.03000 94.81000 92.78000 89.15000 84.98000 79.16000 73.13000 67.08000 61.11000 55.59000 50.73000 46.64000 42.61000 38.58000 36.52000
96.99000 96.90000 96.89000 96.88000 96.75000 96.53000 95.94000 94.85000 92.73000 89.36000 84.79000 79.01000 73.15000 67.28000 61.12000 55.82000 50.35000 46.90000 42.41000 39.46000 36.57000
96.99000 96.92000 96.89000 96.88000 96.74000 96.59000 95.99000 94.72000 92.47000 88.98000 85.10000 79.34000 73.63000 66.97000 61.09000 55.72000 50.44000 45.87000 42.65000 38.98000 36.42000
96.99000 96.99000 96.86000 96.86000 96.84000 96.47000 95.80000 94.66000 92.75000 89.16000 84.83000 79.11000 72.95000 66.99000 60.89000 55.62000 50.76000 46.47000 42.53000 39.52000 36.58000
96.99000 96.96000 96.93000 96.83000 96.85000 96.50000 96.00000 94.80000 92.15000 89.33000 85.06000 79.12000 72.91000 67.21000 61.56000 56.24000 50.51000 46.73000 42.23000 39.00000 36.48000
96.99000 96.97000 96.88000 96.91000 96.91000 96.48000 96.05000 94.77000 92.74000 89.24000 85.02000 79.10000 73.62000 67.05000 60.33000 55.57000 50.54000 46.02000 42.58000 39.10000 36.03000
96.99000 96.94000 96.86000 96.92000 96.80000 96.59000 96.06000 94.62000 92.54000 89.65000 84.88000 79.62000 73.44000 67.31000 61.51000 55.92000 50.76000 45.94000 42.72000 38.89000 36.29000
96.99000 96.88000 96.90000 96.87000 96.75000 96.57000 96.08000 94.72000 92.39000 89.36000 85.13000 79.08000 73.83000 67.34000 61.73000 56.00000 51.08000 45.76000 42.42000 39.03000 36.65000
96.99000 96.92000 96.95000 96.80000 96.66000 96.60000 96.03000 94.69000 92.68000 89.62000 84.83000 79.05000 73.41000 67.16000 61.14000 55.31000 50.90000 46.60000 42.23000 39.64000 36.95000
96.99000 96.96000 96.89000 96.93000 96.74000 96.53000 96.11000 94.93000 92.48000 88.98000 84.31000 79.63000 73.28000 67.56000 61.09000 55.49000 50.52000 46.79000 42.51000 39.13000 36.80000
96.99000 96.87000 96.84000 96.90000 96.78000 96.50000 95.97000 94.68000 92.73000 89.37000 84.98000 79.02000 73.73000 66.88000 60.93000 56.00000 50.82000 46.14000 43.23000 39.77000 36.40000
96.99000 96.92000 96.88000 96.88000 96.86000 96.54000 95.92000 94.81000 92.52000 89.23000 84.76000 79.58000 72.96000 66.76000 60.75000 56.35000 50.95000 46.20000 42.73000 38.93000 36.37000
96.99000 96.88000 96.98000 96.88000 96.85000 96.47000 95.97000 94.99000 92.75000 89.31000 85.06000 78.92000 72.98000 67.39000 61.36000 55.39000 50.91000 46.46000 42.76000 38.73000 36.31000
