0.00000 0.05000 0.10000 0.15000 0.20000 0.25000 0.30000 0.35000 0.40000 0.45000 0.50000 0.55000 0.60000 0.65000 0.70000 0.75000 0.80000 0.85000 0.90000 0.95000 1.00000
92.60000 92.42000 92.40000 92.34000 92.18000 92.21000 92.20000 92.20000 92.11000 92.03000 91.95000 91.57000 91.08000 90.53000 89.51000 88.22000 86.80000 84.51000 81.52000 78.52000 75.16000
92.60000 92.47000 92.35000 92.34000 92.21000 92.25000 92.20000 92.18000 92.00000 91.85000 91.69000 91.50000 90.94000 90.53000 89.71000 88.42000 86.60000 84.33000 81.82000 78.54000 74.84000
92.60000 92.49000 92.38000 92.27000 92.30000 92.21000 92.29000 92.14000 92.28000 91.74000 91.74000 91.49000 90.99000 90.50000 89.69000 88.64000 86.75000 84.80000 81.86000 78.96000 75.23000
92.60000 92.52000 92.42000 92.40000 92.37000 92.40000 92.22000 92.20000 91.98000 92.11000 91.61000 91.40000 91.06000 90.27000 89.63000 88.67000 86.91000 84.52000 82.03000 78.27000 75.19000
92.60000 92.51000 92.35000 92.26000 92.27000 92.21000 92.20000 92.16000 92.09000 91.97000 91.72000 91.49000 91.03000 90.45000 89.29000 88.11000 86.78000 84.55000 81.69000 78.78000 75.67000
92.60000 92.43000 92.42000 92.28000 92.29000 92.29000 92.26000 92.01000 92.11000 91.96000 91.79000 91.45000 91.04000 90.41000 89.58000 88.17000 86.49000 84.62000 81.72000 78.85000 75.12000
92.60000 92.40000 92.38000 92.30000 92.29000 92.30000 92.31000 92.20000 92.06000 92.03000 91.87000 91.49000 90.92000 90.32000 89.57000 88.49000 86.90000 84.49000 81.90000 78.76000 75.59000
92.60000 92.47000 92.40000 92.40000 92.22000 92.27000 92.22000 92.18000 92.04000 92.08000 91.57000 91.27000 90.91000 90.59000 89.77000 88.46000 86.86000 84.82000 81.74000 78.61000 75.44000
92.60000 92.55000 92.41000 92.23000 92.29000 92.33000 92.16000 92.08000 92.17000 91.85000 91.84000 91.59000 91.03000 90.52000 89.61000 88.40000 86.64000 84.96000 81.62000 78.52000 75.45000
92.60000 92.48000 92.40000 92.29000 92.23000 92.23000 92.37000 92.10000 92.13000 91.93000 91.76000 91.48000 91.12000 90.48000 89.50000 88.56000 86.84000 84.32000 81.96000 78.63000 75.37000
92.60000 92.41000 92.40000 92.26000 92.31000 92.30000 92.13000 92.12000 92.16000 92.08000 91.80000 91.51000 90.96000 90.27000 89.32000 88.32000 86.80000 84.44000 81.80000 78.75000 75.10000
92.60000 92.44000 92.37000 92.36000 92.27000 92.31000 92.28000 92.10000 92.16000 91.97000 91.76000 91.30000 91.02000 90.50000 89.65000 88.26000 86.86000 84.73000 82.22000 78.73000 75.20000
92.60000 92.44000 92.24000 92.31000 92.19000 92.33000 92.16000 92.22000 92.06000 92.14000 91.64000 91.53000 90.81000 90.46000 89.74000 88.51000 86.81000 84.67000 82.16000 78.94000 75.44000
92.60000 92.40000 92.31000 92.30000 92.26000 92.32000 92.25000 92.21000 92.06000 92.13000 91.82000 91.43000 91.18000 90.28000 89.49000 88.29000 86.83000 84.41000 81.96000 78.64000 75.28000
92.60000 92.52000 92.36000 92.32000 92.39000 92.34000 92.31000 92.18000 92.18000 91.87000 91.69000 91.49000 91.01000 90.36000 89.66000 88.52000 86.86000 84.78000 82.33000 78.92000 75.37000
92.60000 92.36000 92.39000 92.34000 92.34000 92.20000 92.27000 92.25000 92.32000 91.99000 91.67000 91.41000 90.90000 90.50000 89.57000 88.57000 86.83000 84.53000 81.68000 78.56000 75.58000
92.60000 92.47000 92.37000 92.38000 92.37000 92.23000 92.31000 92.17000 92.13000 91.85000 91.91000 91.51000 91.19000 90.43000 89.71000 88.52000 86.83000 84.51000 81.77000 78.45000 75.55000
92.60000 92.47000 92.29000 92.34000 92.40000 92.40000 92.16000 92.30000 92.16000 91.93000 91.87000 91.32000 90.99000 90.48000 89.54000 88.43000 86.55000 84.52000 81.90000 78.67000 75.46000
92.60000 92.38000 92.43000 92.42000 92.41000 92.20000 92.17000 92.20000 92.15000 92.07000 91.82000 91.46000 91.01000 90.14000 89.88000 88.56000 86.66000 84.63000 81.75000 78.93000 75.39000
92.60000 92.42000 92.37000 92.41000 92.32000 92.23000 92.21000 92.22000 92.15000 92.06000 91.70000 91.38000 91.19000 90.38000 89.46000 88.43000 86.47000 84.37000 81.71000 79.34000 75.31000
