0.00000 0.05000 0.10000 0.15000 0.20000 0.25000 0.30000 0.35000 0.40000 0.45000 0.50000 0.55000 0.60000 0.65000 0.70000 0.75000 0.80000 0.85000 0.90000 0.95000 1.00000
96.67000 96.56000 96.61000 96.60000 96.49000 96.06000 94.90000 92.34000 87.55000 81.02000 71.75000 60.88000 51.37000 43.73000 37.35000 33.21000 28.64000 26.15000 23.25000 21.26000 19.82000
96.67000 96.60000 96.56000 96.55000 96.49000 96.07000 94.95000 92.31000 87.41000 81.01000 71.92000 60.06000 51.05000 43.66000 37.95000 32.35000 28.96000 25.34000 22.91000 21.55000 19.83000
96.67000 96.63000 96.58000 96.67000 96.46000 96.00000 95.07000 92.45000 87.66000 81.08000 71.50000 61.12000 51.13000 43.76000 37.93000 32.70000 28.89000 25.24000 23.43000 21.08000 19.53000
96.67000 96.56000 96.51000 96.60000 96.46000 95.88000 95.02000 92.45000 87.57000 80.90000 71.49000 61.41000 51.06000 43.96000 37.75000 32.77000 28.95000 25.55000 22.90000 21.50000 19.46000
96.67000 96.63000 96.63000 96.52000 96.49000 96.01000 95.03000 92.30000 87.76000 81.27000 71.64000 60.53000 50.70000 43.41000 37.81000 32.54000 28.45000 25.65000 23.12000 21.14000 19.89000
96.67000 96.63000 96.64000 96.60000 96.42000 95.95000 94.97000 92.07000 87.66000 81.46000 71.52000 61.17000 50.88000 43.24000 37.50000 32.23000 28.90000 25.68000 23.13000 21.63000 20.10000
96.67000 96.59000 96.62000 96.62000 96.45000 96.01000 94.89000 92.33000 87.80000 81.32000 71.59000 60.51000 50.91000 43.79000 37.84000 32.52000 28.85000 25.75000 23.34000 21.27000 20.14000
96.67000 96.58000 96.57000 96.67000 96.44000 96.00000 94.96000 92.37000 87.60000 81.05000 71.75000 60.16000 50.87000 43.95000 37.48000 32.33000 29.00000 25.48000 22.87000 21.42000 19.79000
96.67000 96.69000 96.58000 96.49000 96.47000 96.00000 94.96000 92.43000 87.65000 81.18000 71.52000 60.55000 51.08000 43.40000 37.83000 32.62000 28.56000 25.72000 23.57000 21.35000 19.77000
96.67000 96.62000 96.57000 96.65000 96.55000 95.95000 95.05000 92.42000 87.59000 81.07000 71.66000 60.89000 51.18000 43.54000 37.77000 33.03000 28.75000 25.43000 23.10000 21.44000 19.62000
96.67000 96.56000 96.56000 96.67000 96.46000 96.08000 95.01000 92.38000 87.65000 80.83000 71.63000 61.33000 51.38000 43.78000 37.12000 33.06000 28.52000 25.44000 22.91000 21.50000 19.80000
96.67000 96.62000 96.63000 96.59000 96.46000 96.13000 95.02000 92.24000 87.68000 81.15000 71.50000 60.73000 51.42000 43.59000 37.86000 32.75000 28.93000 25.40000 23.47000 21.37000 19.96000
96.67000 96.69000 96.69000 96.64000 96.45000 95.93000 94.88000 92.34000 87.54000 80.88000 71.19000 60.00000 50.97000 43.49000 37.57000 32.66000 28.70000 25.94000 23.08000 20.83000 19.60000
96.67000 96.63000 96.60000 96.52000 96.51000 95.93000 95.04000 92.31000 87.57000 81.23000 72.18000 60.87000 51.28000 43.44000 37.55000 32.57000 28.39000 25.52000 23.72000 21.16000 20.23000
96.67000 96.63000 96.65000 96.64000 96.45000 95.93000 95.06000 92.27000 87.59000 81.27000 71.26000 60.65000 50.25000 43.51000 37.64000 33.03000 28.50000 25.51000 23.32000 21.20000 19.98000
96.67000 96.60000 96.59000 96.64000 96.48000 96.13000 94.97000 92.14000 87.89000 81.03000 71.78000 60.98000 51.17000 43.58000 37.73000 32.82000 28.94000 26.09000 23.45000 21.17000 19.95000
96.67000 96.61000 96.58000 96.54000 96.32000 96.04000 94.99000 92.33000 87.69000 81.15000 72.08000 60.49000 51.51000 43.97000 38.19000 32.98000 28.91000 25.64000 23.07000 21.17000 19.88000
96.67000 96.61000 96.57000 96.65000 96.50000 95.96000 94.95000 92.07000 87.40000 81.52000 71.66000 60.47000 51.08000 43.90000 37.35000 32.56000 28.63000 25.79000 22.87000 21.42000 19.85000
96.67000 96.62000 96.59000 96.60000 96.40000 96.00000 94.92000 92.41000 87.55000 81.37000 71.98000 60.73000 51.21000 43.89000 38.04000 32.74000 28.98000 25.05000 23.29000 21.58000 19.95000
96.67000 96.67000 96.51000 96.59000 96.42000 95.86000 95.05000 92.46000 87.40000 81.33000 71.85000 60.58000 50.54000 43.92000 37.50000 32.79000 28.43000 25.66000 23.22000 21.38000 20.02000
