0.00000 0.05000 0.10000 0.15000 0.20000 0.25000 0.30000 0.35000 0.00000 0.00000 0.00000 0.00000 0.00000 0.00000 0.00000 0.00000 0.00000 0.00000 0.00000 0.00000 0.00000
92.45000 92.73000 92.94000 93.12000 93.26000 93.36000 93.43000 93.50000 0.00000 0.00000 0.00000 0.00000 0.00000 0.00000 0.00000 0.00000 0.00000 0.00000 0.00000 0.00000 0.00000
92.45000 92.67000 92.94000 93.11000 93.29000 93.40000 93.49000 93.57000 0.00000 0.00000 0.00000 0.00000 0.00000 0.00000 0.00000 0.00000 0.00000 0.00000 0.00000 0.00000 0.00000
92.45000 92.81000 92.94000 93.09000 93.30000 93.32000 93.53000 93.56000 0.00000 0.00000 0.00000 0.00000 0.00000 0.00000 0.00000 0.00000 0.00000 0.00000 0.00000 0.00000 0.00000
92.45000 92.75000 92.95000 93.18000 93.28000 93.35000 93.44000 93.60000 0.00000 0.00000 0.00000 0.00000 0.00000 0.00000 0.00000 0.00000 0.00000 0.00000 0.00000 0.00000 0.00000
92.45000 92.76000 92.98000 93.14000 93.20000 93.40000 93.52000 93.65000 0.00000 0.00000 0.00000 0.00000 0.00000 0.00000 0.00000 0.00000 0.00000 0.00000 0.00000 0.00000 0.00000
92.45000 92.75000 92.99000 93.19000 93.28000 93.25000 93.45000 93.54000 0.00000 0.00000 0.00000 0.00000 0.00000 0.00000 0.00000 0.00000 0.00000 0.00000 0.00000 0.00000 0.00000
92.45000 92.70000 92.98000 93.13000 93.28000 93.44000 93.52000 93.47000 0.00000 0.00000 0.00000 0.00000 0.00000 0.00000 0.00000 0.00000 0.00000 0.00000 0.00000 0.00000 0.00000
92.45000 92.78000 92.97000 93.13000 93.31000 93.36000 93.49000 93.47000 0.00000 0.00000 0.00000 0.00000 0.00000 0.00000 0.00000 0.00000 0.00000 0.00000 0.00000 0.00000 0.00000
92.45000 92.77000 93.00000 93.10000 93.26000 93.31000 93.46000 93.63000 0.00000 0.00000 0.00000 0.00000 0.00000 0.00000 0.00000 0.00000 0.00000 0.00000 0.00000 0.00000 0.00000
92.45000 92.78000 92.96000 93.14000 93.29000 93.48000 93.43000 93.49000 0.00000 0.00000 0.00000 0.00000 0.00000 0.00000 0.00000 0.00000 0.00000 0.00000 0.00000 0.00000 0.00000
92.45000 92.73000 92.93000 93.17000 93.29000 93.39000 93.47000 93.53000 0.00000 0.00000 0.00000 0.00000 0.00000 0.00000 0.00000 0.00000 0.00000 0.00000 0.00000 0.00000 0.00000
92.45000 92.79000 92.89000 93.09000 93.31000 93.39000 93.52000 93.59000 0.00000 0.00000 0.00000 0.00000 0.00000 0.00000 0.00000 0.00000 0.00000 0.00000 0.00000 0.00000 0.00000
92.45000 92.78000 92.94000 93.06000 93.19000 93.43000 93.49000 93.47000 0.00000 0.00000 0.00000 0.00000 0.00000 0.00000 0.00000 0.00000 0.00000 0.00000 0.00000 0.00000 0.00000
92.45000 92.80000 93.01000 93.05000 93.25000 93.43000 93.54000 93.59000 0.00000 0.00000 0.00000 0.00000 0.00000 0.00000 0.00000 0.00000 0.00000 0.00000 0.00000 0.00000 0.00000
92.45000 92.75000 93.04000 93.14000 93.29000 93.35000 93.46000 93.52000 0.00000 0.00000 0.00000 0.00000 0.00000 0.00000 0.00000 0.00000 0.00000 0.00000 0.00000 0.00000 0.00000
92.45000 92.77000 93.00000 93.07000 93.34000 93.33000 93.50000 93.54000 0.00000 0.00000 0.00000 0.00000 0.00000 0.00000 0.00000 0.00000 0.00000 0.00000 0.00000 0.00000 0.00000
92.45000 92.78000 92.95000 93.06000 93.26000 93.43000 93.45000 93.63000 0.00000 0.00000 0.00000 0.00000 0.00000 0.00000 0.00000 0.00000 0.00000 0.00000 0.00000 0.00000 0.00000
92.45000 92.77000 92.91000 93.08000 93.23000 93.37000 93.40000 93.56000 0.00000 0.00000 0.00000 0.00000 0.00000 0.00000 0.00000 0.00000 0.00000 0.00000 0.00000 0.00000 0.00000
92.45000 92.73000 92.99000 93.17000 93.28000 93.42000 93.46000 93.48000 0.00000 0.00000 0.00000 0.00000 0.00000 0.00000 0.00000 0.00000 0.00000 0.00000 0.00000 0.00000 0.00000
92.45000 92.74000 92.87000 93.09000 93.21000 93.44000 93.43000 93.52000 0.00000 0.00000 0.00000 0.00000 0.00000 0.00000 0.00000 0.00000 0.00000 0.00000 0.00000 0.00000 0.00000
