0.00000 0.05000 0.10000 0.15000 0.20000 0.25000 0.30000 0.35000 0.40000 0.45000 0.50000 0.55000 0.60000 0.65000 0.70000 0.75000 0.80000 0.85000 0.90000 0.95000 1.00000
92.45000 91.90000 91.64000 91.59000 91.64000 91.61000 91.76000 91.91000 91.92000 92.01000 92.03000 92.14000 92.20000 92.33000 92.33000 92.41000 92.72000 92.57000 92.61000 92.64000 92.60000
92.45000 91.90000 91.66000 91.65000 91.56000 91.74000 91.79000 91.87000 91.87000 92.00000 91.99000 92.26000 92.22000 92.28000 92.40000 92.39000 92.47000 92.69000 92.67000 92.72000 92.78000
92.45000 91.81000 91.67000 91.69000 91.65000 91.75000 91.78000 91.78000 91.87000 91.89000 92.11000 92.13000 92.15000 92.20000 92.36000 92.33000 92.52000 92.58000 92.65000 92.67000 92.75000
92.45000 91.81000 91.71000 91.70000 91.71000 91.74000 91.81000 91.69000 91.88000 92.04000 92.01000 92.06000 92.19000 92.29000 92.40000 92.43000 92.44000 92.53000 92.77000 92.61000 92.80000
92.45000 91.89000 91.76000 91.62000 91.71000 91.78000 91.76000 91.77000 91.78000 92.04000 92.10000 92.06000 92.25000 92.22000 92.34000 92.45000 92.53000 92.58000 92.54000 92.69000 92.75000
92.45000 91.88000 91.71000 91.74000 91.64000 91.64000 91.71000 91.78000 91.95000 92.02000 92.13000 92.04000 92.28000 92.30000 92.35000 92.38000 92.45000 92.59000 92.68000 92.76000 92.82000
92.45000 91.82000 91.75000 91.72000 91.73000 91.73000 91.81000 91.88000 91.94000 91.86000 92.08000 92.05000 92.21000 92.14000 92.27000 92.41000 92.55000 92.45000 92.68000 92.64000 92.76000
92.45000 91.89000 91.77000 91.67000 91.59000 91.65000 91.80000 91.82000 91.86000 91.92000 92.16000 92.20000 92.31000 92.25000 92.33000 92.36000 92.55000 92.57000 92.69000 92.67000 92.78000
92.45000 91.90000 91.70000 91.64000 91.66000 91.68000 91.81000 91.78000 92.01000 91.91000 92.15000 92.14000 92.22000 92.25000 92.31000 92.30000 92.46000 92.48000 92.51000 92.78000 92.79000
92.45000 91.77000 91.65000 91.67000 91.64000 91.72000 91.75000 91.82000 91.88000 91.98000 92.01000 92.05000 92.22000 92.26000 92.39000 92.39000 92.46000 92.58000 92.75000 92.68000 92.69000
92.45000 91.94000 91.61000 91.73000 91.68000 91.66000 91.69000 91.69000 91.98000 91.89000 91.98000 92.11000 92.32000 92.35000 92.38000 92.40000 92.53000 92.48000 92.62000 92.67000 92.84000
92.45000 91.80000 91.68000 91.57000 91.61000 91.74000 91.89000 91.75000 91.87000 91.99000 92.12000 92.12000 92.13000 92.35000 92.39000 92.40000 92.42000 92.43000 92.64000 92.63000 92.79000
92.45000 91.83000 91.81000 91.61000 91.66000 91.71000 91.73000 91.79000 91.94000 91.93000 92.06000 92.05000 92.24000 92.32000 92.40000 92.46000 92.54000 92.66000 92.59000 92.67000 92.72000
92.45000 91.85000 91.77000 91.61000 91.57000 91.68000 91.70000 91.89000 91.93000 91.99000 92.08000 92.15000 92.14000 92.33000 92.19000 92.50000 92.42000 92.67000 92.61000 92.73000 92.84000
92.45000 91.85000 91.77000 91.65000 91.78000 91.77000 91.75000 91.86000 91.98000 91.96000 92.02000 92.15000 92.29000 92.46000 92.35000 92.40000 92.47000 92.57000 92.65000 92.66000 92.65000
92.45000 91.86000 91.72000 91.67000 91.61000 91.77000 91.78000 91.91000 91.89000 92.01000 92.08000 92.11000 92.19000 92.41000 92.42000 92.30000 92.46000 92.56000 92.63000 92.76000 92.92000
92.45000 91.87000 91.66000 91.72000 91.66000 91.68000 91.76000 91.91000 92.00000 91.90000 91.93000 92.07000 92.24000 92.24000 92.44000 92.55000 92.46000 92.40000 92.59000 92.72000 92.74000
92.45000 91.92000 91.77000 91.68000 91.62000 91.72000 91.77000 91.89000 91.88000 91.95000 92.07000 92.19000 92.24000 92.31000 92.28000 92.32000 92.52000 92.42000 92.70000 92.78000 92.56000
92.45000 91.93000 91.71000 91.61000 91.73000 91.63000 91.72000 91.84000 91.84000 92.07000 92.04000 92.01000 92.19000 92.27000 92.45000 92.46000 92.47000 92.52000 92.61000 92.77000 92.75000
92.45000 91.81000 91.72000 91.64000 91.70000 91.66000 91.79000 91.91000 91.94000 92.13000 91.94000 92.13000 92.18000 92.26000 92.30000 92.42000 92.50000 92.53000 92.63000 92.71000 92.66000
