0.00000 0.05000 0.10000 0.15000 0.20000 0.25000 0.30000 0.35000 0.40000 0.45000 0.50000 0.55000 0.60000 0.65000 0.70000 0.75000 0.80000 0.85000 0.90000 0.95000 1.00000
92.45000 92.78000 92.95000 93.09000 93.33000 93.40000 93.49000 93.58000 93.75000 93.69000 93.81000 93.85000 93.83000 94.01000 94.04000 93.98000 94.07000 94.01000 94.03000 94.09000 94.28000
92.45000 92.64000 92.95000 93.23000 93.28000 93.30000 93.53000 93.60000 93.59000 93.75000 93.76000 93.76000 93.91000 93.89000 94.05000 93.92000 93.93000 94.16000 94.21000 94.17000 94.11000
92.45000 92.68000 92.88000 93.12000 93.27000 93.33000 93.38000 93.51000 93.61000 93.68000 93.84000 93.92000 94.04000 94.00000 93.99000 93.94000 94.10000 94.03000 94.13000 94.11000 94.25000
92.45000 92.69000 92.97000 93.13000 93.22000 93.32000 93.43000 93.58000 93.64000 93.64000 93.85000 93.61000 93.90000 93.95000 93.99000 94.01000 94.04000 94.04000 94.08000 94.14000 94.32000
92.45000 92.71000 92.98000 93.12000 93.16000 93.45000 93.43000 93.47000 93.68000 93.81000 93.80000 93.81000 93.88000 93.87000 93.92000 93.89000 94.09000 94.09000 93.99000 94.10000 94.29000
92.45000 92.75000 92.94000 93.20000 93.34000 93.47000 93.63000 93.57000 93.65000 93.63000 93.74000 93.75000 93.85000 93.99000 94.08000 93.93000 94.12000 94.01000 94.08000 94.02000 94.22000
92.45000 92.73000 92.95000 93.03000 93.32000 93.33000 93.42000 93.53000 93.67000 93.59000 93.75000 93.73000 93.88000 93.88000 93.93000 93.91000 94.02000 93.99000 94.00000 94.17000 94.02000
92.45000 92.62000 92.99000 93.12000 93.23000 93.34000 93.63000 93.62000 93.73000 93.79000 93.68000 93.76000 93.67000 93.99000 94.02000 93.92000 93.93000 94.10000 94.26000 94.21000 94.16000
92.45000 92.77000 92.99000 93.05000 93.29000 93.42000 93.41000 93.49000 93.73000 93.64000 93.86000 93.76000 93.82000 93.89000 93.93000 93.95000 94.00000 93.96000 94.14000 94.16000 94.01000
92.45000 92.76000 92.98000 93.15000 93.25000 93.38000 93.37000 93.54000 93.53000 93.65000 93.66000 93.77000 93.92000 93.99000 94.09000 93.90000 94.11000 94.08000 94.14000 94.19000 94.12000
92.45000 92.81000 92.94000 93.15000 93.31000 93.33000 93.62000 93.56000 93.57000 93.58000 93.68000 93.72000 93.84000 93.86000 93.93000 93.97000 94.06000 94.04000 94.14000 94.05000 94.11000
92.45000 92.75000 92.97000 93.11000 93.25000 93.41000 93.45000 93.55000 93.51000 93.74000 93.74000 93.83000 93.97000 93.90000 93.90000 93.89000 93.97000 93.97000 94.18000 94.18000 94.22000
92.45000 92.66000 92.98000 93.10000 93.29000 93.37000 93.52000 93.51000 93.67000 93.56000 93.81000 93.81000 93.81000 93.90000 94.02000 94.00000 93.96000 93.91000 94.19000 94.23000 94.19000
92.45000 92.74000 93.07000 93.14000 93.23000 93.50000 93.42000 93.58000 93.61000 93.82000 93.74000 93.79000 93.88000 94.08000 93.94000 94.07000 94.10000 94.10000 94.11000 94.20000 94.10000
92.45000 92.64000 93.01000 93.04000 93.17000 93.49000 93.43000 93.59000 93.75000 93.63000 93.80000 93.73000 93.77000 94.02000 93.90000 93.97000 93.93000 94.14000 94.11000 94.26000 94.24000
92.45000 92.78000 92.94000 93.05000 93.15000 93.29000 93.51000 93.46000 93.64000 93.63000 93.82000 93.74000 93.84000 94.00000 94.02000 93.96000 94.04000 94.10000 94.20000 94.17000 94.13000
92.45000 92.78000 92.87000 93.17000 93.31000 93.38000 93.50000 93.50000 93.55000 93.73000 93.73000 93.90000 93.89000 93.85000 93.97000 93.96000 94.01000 94.07000 94.15000 94.06000 94.26000
92.45000 92.77000 93.00000 93.16000 93.28000 93.30000 93.60000 93.50000 93.54000 93.75000 93.86000 93.69000 93.81000 93.94000 93.90000 93.99000 93.98000 93.89000 94.16000 94.15000 94.13000
92.45000 92.71000 92.90000 93.12000 93.24000 93.34000 93.47000 93.65000 93.66000 93.61000 93.68000 93.82000 93.81000 93.91000 93.91000 93.93000 94.06000 93.99000 94.11000 94.28000 94.04000
92.45000 92.72000 92.91000 93.19000 93.15000 93.32000 93.53000 93.53000 93.67000 93.63000 93.65000 93.79000 93.88000 93.82000 94.11000 93.97000 94.01000 94.08000 94.12000 94.08000 94.23000
