0.00000 0.05000 0.10000 0.15000 0.20000 0.25000 0.30000 0.35000 0.40000 0.45000 0.50000 0.55000 0.60000 0.65000 0.70000 0.75000 0.80000 0.85000 0.90000 0.95000 1.00000
92.86000 92.69000 92.58000 92.51000 92.59000 92.38000 92.43000 92.25000 92.36000 92.15000 91.82000 91.75000 91.27000 90.77000 90.13000 88.92000 87.48000 84.96000 81.66000 76.24000 71.15000
92.86000 92.72000 92.64000 92.67000 92.40000 92.56000 92.44000 92.38000 92.39000 92.25000 92.00000 91.70000 91.32000 90.73000 90.11000 88.94000 87.37000 84.72000 81.52000 77.03000 71.00000
92.86000 92.63000 92.65000 92.55000 92.68000 92.41000 92.50000 92.21000 92.27000 92.10000 91.78000 91.56000 91.35000 90.75000 90.16000 88.92000 87.38000 84.74000 81.78000 76.21000 70.95000
92.86000 92.70000 92.70000 92.54000 92.52000 92.51000 92.41000 92.26000 92.35000 91.93000 91.93000 91.63000 91.23000 90.65000 89.92000 89.08000 87.22000 84.69000 81.12000 76.52000 71.26000
92.86000 92.68000 92.55000 92.55000 92.65000 92.42000 92.39000 92.49000 92.20000 92.26000 91.94000 91.39000 91.27000 90.73000 89.99000 88.73000 87.38000 84.93000 80.91000 76.72000 70.80000
92.86000 92.71000 92.57000 92.44000 92.56000 92.54000 92.49000 92.27000 92.14000 92.07000 91.95000 91.51000 91.10000 90.71000 90.12000 88.73000 87.01000 84.76000 81.63000 77.04000 71.03000
92.86000 92.63000 92.64000 92.52000 92.55000 92.49000 92.32000 92.45000 92.22000 92.17000 91.85000 91.49000 91.28000 90.72000 90.08000 89.16000 87.54000 84.71000 81.72000 77.01000 71.24000
92.86000 92.70000 92.62000 92.62000 92.45000 92.44000 92.56000 92.37000 92.37000 92.08000 91.93000 91.59000 91.22000 90.74000 90.21000 88.94000 87.35000 85.01000 81.09000 76.45000 71.35000
92.86000 92.65000 92.60000 92.63000 92.62000 92.49000 92.33000 92.37000 92.33000 92.03000 91.87000 91.76000 91.34000 90.78000 90.14000 89.02000 87.25000 84.94000 81.56000 76.89000 71.06000
92.86000 92.66000 92.65000 92.61000 92.55000 92.55000 92.45000 92.43000 92.34000 92.14000 91.84000 91.56000 91.27000 90.92000 90.01000 88.85000 87.15000 85.15000 81.38000 76.48000 71.01000
92.86000 92.70000 92.50000 92.55000 92.53000 92.48000 92.48000 92.50000 92.24000 92.07000 91.88000 91.66000 91.18000 90.82000 89.87000 88.92000 87.35000 84.68000 81.24000 76.53000 70.96000
92.86000 92.61000 92.65000 92.57000 92.66000 92.51000 92.42000 92.45000 92.22000 92.02000 91.91000 91.84000 91.18000 90.85000 90.29000 89.06000 87.47000 84.60000 81.54000 76.61000 70.93000
92.86000 92.67000 92.68000 92.54000 92.65000 92.44000 92.41000 92.31000 92.31000 92.11000 91.88000 91.75000 91.36000 90.73000 90.01000 88.98000 87.30000 84.70000 80.90000 76.33000 70.54000
92.86000 92.71000 92.55000 92.58000 92.53000 92.65000 92.39000 92.35000 92.10000 92.19000 91.90000 91.46000 91.38000 90.86000 90.11000 89.13000 87.20000 85.00000 81.46000 76.15000 70.79000
92.86000 92.64000 92.60000 92.56000 92.61000 92.44000 92.64000 92.39000 92.16000 92.11000 91.85000 91.54000 91.37000 90.70000 90.10000 89.01000 86.99000 84.70000 81.34000 76.74000 71.59000
92.86000 92.76000 92.60000 92.51000 92.48000 92.59000 92.52000 92.53000 92.11000 92.13000 91.89000 91.54000 91.28000 90.80000 90.20000 89.05000 87.13000 84.49000 80.79000 76.35000 70.51000
92.86000 92.74000 92.58000 92.51000 92.53000 92.39000 92.47000 92.31000 92.31000 92.16000 91.93000 91.75000 91.33000 90.72000 90.00000 88.80000 87.17000 85.01000 81.43000 76.67000 71.58000
92.86000 92.64000 92.58000 92.53000 92.58000 92.50000 92.41000 92.47000 92.34000 92.14000 91.83000 91.62000 91.38000 90.72000 89.86000 88.72000 87.49000 84.77000 81.54000 76.85000 71.53000
92.86000 92.64000 92.61000 92.51000 92.48000 92.42000 92.36000 92.34000 92.33000 92.29000 91.84000 91.56000 91.18000 90.63000 89.96000 89.18000 87.04000 84.81000 81.31000 76.75000 70.96000
92.86000 92.69000 92.54000 92.54000 92.52000 92.58000 92.38000 92.31000 92.31000 92.16000 92.14000 91.62000 91.31000 90.60000 90.16000 89.06000 87.15000 84.92000 81.43000 76.55000 71.31000
