0.00000 0.05000 0.10000 0.15000 0.20000 0.25000 0.30000 0.35000 0.40000 0.45000 0.50000 0.55000 0.60000 0.65000 0.70000 0.75000 0.80000 0.85000 0.90000 0.95000 1.00000
93.38000 93.44000 93.40000 93.43000 93.28000 93.16000 93.19000 93.02000 92.92000 92.59000 92.34000 91.94000 91.91000 91.71000 91.24000 90.97000 90.49000 90.37000 89.58000 89.26000 88.84000
93.38000 93.43000 93.39000 93.47000 93.31000 93.15000 93.13000 92.97000 92.75000 92.70000 92.11000 92.16000 91.69000 91.64000 91.30000 90.70000 90.38000 89.88000 89.59000 89.20000 88.76000
93.38000 93.32000 93.40000 93.23000 93.24000 93.18000 92.96000 93.10000 92.76000 92.58000 92.23000 92.34000 91.74000 91.61000 91.22000 90.76000 90.50000 89.94000 89.82000 89.27000 88.99000
93.38000 93.43000 93.45000 93.37000 93.35000 93.23000 93.10000 92.97000 92.75000 92.49000 92.27000 91.84000 91.72000 91.38000 91.50000 90.82000 90.37000 90.14000 89.68000 89.35000 88.93000
93.38000 93.34000 93.35000 93.38000 93.35000 93.33000 93.08000 93.00000 92.76000 92.83000 92.46000 92.16000 91.84000 91.54000 91.04000 90.93000 90.55000 90.03000 89.63000 88.84000 89.05000
93.38000 93.30000 93.42000 93.35000 93.31000 93.21000 93.23000 93.15000 92.82000 92.38000 92.49000 91.88000 91.60000 91.50000 91.30000 90.85000 90.48000 89.93000 89.69000 89.10000 89.00000
93.38000 93.27000 93.56000 93.22000 93.27000 93.32000 93.10000 92.80000 92.66000 92.58000 92.29000 92.02000 91.77000 91.43000 90.98000 90.95000 90.58000 90.13000 89.83000 89.71000 88.89000
93.38000 93.39000 93.39000 93.44000 93.31000 93.17000 93.00000 93.05000 92.48000 92.53000 92.23000 91.68000 91.88000 91.53000 91.06000 90.76000 90.44000 90.09000 89.70000 89.25000 88.99000
93.38000 93.37000 93.46000 93.47000 93.31000 93.28000 93.10000 92.81000 92.74000 92.58000 92.52000 92.10000 91.67000 91.79000 90.98000 90.82000 90.55000 90.03000 89.77000 89.19000 88.80000
93.38000 93.44000 93.26000 93.38000 93.26000 93.31000 93.02000 93.04000 92.75000 92.70000 92.38000 91.92000 91.76000 91.35000 91.26000 90.52000 90.43000 90.04000 90.08000 89.37000 88.66000
93.38000 93.36000 93.39000 93.29000 93.27000 93.31000 93.13000 93.03000 92.80000 92.50000 92.44000 92.16000 91.71000 91.44000 91.03000 90.96000 90.29000 90.12000 89.79000 89.22000 88.74000
93.38000 93.26000 93.41000 93.40000 93.29000 93.19000 93.08000 92.88000 92.60000 92.51000 92.44000 92.16000 91.52000 91.70000 91.13000 90.70000 90.58000 90.41000 89.68000 89.07000 88.65000
93.38000 93.35000 93.37000 93.36000 93.48000 93.15000 92.90000 93.01000 92.64000 92.78000 92.32000 92.22000 91.81000 91.45000 91.09000 90.59000 90.58000 89.95000 89.47000 89.37000 89.09000
93.38000 93.36000 93.42000 93.35000 93.37000 93.03000 92.95000 92.83000 92.86000 92.53000 92.01000 91.99000 91.98000 91.49000 91.24000 90.73000 90.19000 90.21000 89.73000 88.98000 88.69000
93.38000 93.42000 93.48000 93.18000 93.32000 93.26000 92.99000 92.89000 92.82000 92.56000 92.34000 92.20000 91.80000 91.72000 91.04000 90.74000 90.42000 90.44000 89.68000 89.35000 88.72000
93.38000 93.42000 93.31000 93.42000 93.26000 93.16000 93.22000 92.93000 92.67000 92.64000 92.34000 92.01000 91.75000 91.34000 91.20000 90.75000 90.53000 90.16000 89.53000 89.32000 88.76000
93.38000 93.25000 93.32000 93.29000 93.38000 93.20000 93.16000 93.22000 92.82000 92.67000 92.17000 91.98000 91.53000 91.26000 91.20000 90.78000 90.67000 90.37000 89.72000 89.31000 88.54000
93.38000 93.36000 93.50000 93.27000 93.26000 93.24000 93.10000 93.00000 92.73000 92.74000 92.54000 91.89000 91.69000 91.62000 91.23000 90.94000 90.56000 90.28000 89.41000 89.06000 88.98000
93.38000 93.34000 93.48000 93.39000 93.36000 93.20000 93.08000 92.98000 92.83000 92.58000 92.40000 92.01000 91.74000 91.55000 91.17000 90.76000 90.50000 90.09000 89.78000 89.32000 88.89000
93.38000 93.35000 93.33000 93.40000 93.38000 93.23000 92.98000 93.04000 92.97000 92.40000 92.38000 92.20000 91.88000 91.46000 90.92000 90.93000 90.50000 89.98000 89.62000 89.47000 89.11000
