0.00000 0.05000 0.10000 0.15000 0.20000 0.25000 0.30000 0.35000 0.40000 0.45000 0.50000 0.55000 0.60000 0.65000 0.70000 0.75000 0.80000 0.85000 0.90000 0.95000 1.00000
93.12000 92.99000 92.90000 92.92000 92.94000 93.03000 92.92000 92.93000 92.47000 92.08000 91.01000 89.39000 87.58000 85.51000 83.44000 81.12000 78.62000 75.62000 72.71000 68.58000 64.63000
93.12000 93.01000 92.99000 92.81000 92.96000 92.92000 92.92000 92.58000 92.38000 91.85000 91.15000 89.53000 87.79000 85.70000 83.28000 81.24000 78.76000 75.76000 72.75000 68.97000 64.71000
93.12000 93.00000 92.89000 92.90000 93.04000 93.05000 92.85000 92.82000 92.55000 91.99000 91.02000 89.83000 87.65000 85.54000 83.10000 80.90000 78.44000 75.91000 72.68000 68.89000 65.38000
93.12000 92.86000 92.92000 92.96000 92.92000 92.92000 92.92000 92.87000 92.40000 91.93000 90.98000 89.94000 87.81000 85.48000 83.17000 81.34000 78.73000 76.08000 72.58000 68.58000 64.76000
93.12000 92.96000 92.90000 92.92000 92.94000 92.99000 92.81000 92.78000 92.43000 91.84000 90.98000 89.73000 87.53000 85.56000 83.65000 80.96000 78.71000 75.66000 72.61000 69.09000 64.57000
93.12000 93.03000 92.94000 92.90000 92.94000 92.93000 92.91000 92.66000 92.40000 92.06000 91.15000 89.56000 87.62000 85.55000 83.32000 81.44000 78.38000 76.17000 73.00000 68.74000 65.25000
93.12000 93.06000 92.91000 92.87000 92.99000 92.90000 92.96000 92.76000 92.40000 92.06000 91.00000 89.88000 87.73000 85.40000 83.39000 80.96000 78.97000 75.77000 72.80000 68.48000 64.61000
93.12000 93.01000 92.97000 92.90000 93.04000 93.07000 92.88000 92.76000 92.43000 91.93000 90.86000 89.48000 87.56000 85.63000 82.94000 80.78000 78.31000 75.98000 72.35000 68.62000 64.26000
93.12000 93.02000 92.95000 92.89000 93.00000 92.97000 92.84000 92.67000 92.64000 91.88000 90.91000 89.57000 87.65000 85.35000 83.15000 80.98000 78.52000 75.80000 72.45000 68.97000 65.30000
93.12000 92.97000 92.88000 92.87000 92.96000 92.91000 92.90000 92.77000 92.40000 91.84000 90.92000 89.57000 87.57000 85.58000 83.33000 81.07000 78.73000 75.90000 72.27000 68.85000 64.42000
93.12000 93.04000 92.93000 92.89000 92.98000 93.00000 92.93000 92.84000 92.35000 91.99000 91.10000 89.75000 87.76000 85.64000 82.88000 81.05000 78.90000 75.99000 72.12000 68.62000 65.03000
93.12000 93.00000 92.95000 92.96000 93.03000 92.93000 92.85000 92.70000 92.33000 92.04000 91.23000 89.55000 87.66000 85.36000 83.08000 80.90000 78.81000 75.82000 72.37000 68.85000 64.62000
93.12000 92.93000 92.89000 92.94000 93.02000 93.04000 92.94000 92.73000 92.47000 92.22000 91.12000 89.54000 87.19000 85.53000 82.93000 81.15000 78.61000 75.58000 72.26000 68.85000 64.97000
93.12000 93.01000 92.89000 92.92000 92.96000 93.03000 92.83000 92.71000 92.41000 91.84000 90.96000 89.73000 87.98000 85.51000 83.26000 81.01000 78.39000 75.88000 72.36000 68.67000 64.85000
93.12000 92.94000 92.92000 92.85000 93.04000 93.06000 92.95000 92.82000 92.51000 91.88000 91.22000 89.80000 87.59000 85.43000 83.20000 81.09000 78.51000 75.86000 72.94000 68.56000 64.54000
93.12000 93.02000 92.84000 92.91000 92.93000 92.90000 92.88000 92.72000 92.40000 91.91000 91.16000 89.51000 87.83000 85.64000 83.38000 80.95000 78.65000 76.07000 72.18000 68.84000 64.51000
93.12000 92.98000 92.88000 92.84000 92.86000 92.94000 92.91000 92.80000 92.47000 91.87000 91.03000 89.56000 87.77000 85.44000 83.08000 80.68000 78.58000 76.06000 72.46000 68.53000 64.82000
93.12000 93.02000 92.86000 92.90000 93.00000 92.93000 92.92000 92.87000 92.55000 91.90000 91.05000 89.51000 87.83000 85.23000 82.98000 81.10000 78.66000 75.99000 72.71000 69.22000 64.64000
93.12000 92.96000 92.95000 92.99000 92.88000 92.98000 92.93000 92.84000 92.44000 92.04000 91.09000 89.60000 87.62000 85.18000 82.98000 80.88000 78.90000 76.10000 72.75000 68.72000 65.02000
93.12000 93.05000 92.97000 92.96000 92.96000 92.98000 92.99000 92.76000 92.48000 92.01000 90.91000 89.42000 87.77000 85.28000 83.40000 80.87000 78.92000 75.67000 72.51000 68.51000 64.56000
