# epoch | tr.acc. | te.acc. | tr.loss | te.loss
0.00000 87.13333 87.67000 2.58490 2.55092
1.00000 89.65167 89.71000 2.07019 2.04731
2.00000 90.96000 91.03000 1.68053 1.66219
3.00000 91.69833 91.67000 1.50941 1.49599
4.00000 92.11500 91.93000 1.37539 1.37254
5.00000 92.45667 92.21000 1.26492 1.26376
6.00000 92.59000 92.32000 1.18425 1.19271
7.00000 92.82667 92.52000 1.12591 1.14123
8.00000 93.10167 92.52000 1.07715 1.09956
9.00000 93.15500 92.49000 1.03453 1.06761
10.00000 93.28167 92.68000 1.00258 1.04363
11.00000 93.51167 92.88000 0.97910 1.02673
12.00000 93.57500 93.00000 0.95732 0.99722
13.00000 93.73000 93.02000 0.93261 0.98467
14.00000 93.74667 92.87000 0.91686 0.97752
15.00000 93.79333 93.12000 0.89668 0.96049
16.00000 93.95167 93.17000 0.87898 0.94701
17.00000 93.93500 93.01000 0.87275 0.94575
18.00000 94.00167 93.11000 0.85828 0.94248
19.00000 94.12167 93.15000 0.84522 0.92638
20.00000 94.15333 93.22000 0.83807 0.92859
21.00000 94.13833 93.07000 0.83093 0.92135
22.00000 94.23667 93.16000 0.82192 0.91719
23.00000 94.36000 93.11000 0.81930 0.91999
24.00000 94.32333 93.26000 0.81371 0.91398
25.00000 94.35667 93.16000 0.80840 0.91455
26.00000 94.50333 93.32000 0.80477 0.91600
27.00000 94.44000 93.17000 0.79851 0.91221
28.00000 94.53500 93.29000 0.79214 0.91128
29.00000 94.56000 93.34000 0.78906 0.91035
30.00000 94.55167 93.10000 0.78813 0.91799
31.00000 94.66167 93.26000 0.78081 0.91440
32.00000 94.64333 93.20000 0.77780 0.90846
33.00000 94.58000 93.04000 0.77715 0.91334
34.00000 94.59333 93.14000 0.77814 0.90806
35.00000 94.56000 93.17000 0.77334 0.90678
36.00000 94.77500 93.11000 0.76811 0.91247
37.00000 94.73667 93.26000 0.76882 0.91272
38.00000 94.73000 93.22000 0.76631 0.90846
39.00000 94.73833 93.07000 0.76162 0.90905
40.00000 94.93167 93.23000 0.75933 0.90914
41.00000 94.81833 93.16000 0.75579 0.90105
42.00000 94.78833 93.25000 0.75671 0.90658
43.00000 94.81000 93.17000 0.75272 0.90791
44.00000 94.90167 93.16000 0.75021 0.90662
45.00000 94.82667 93.17000 0.74983 0.91076
46.00000 95.00167 93.30000 0.74392 0.90808
47.00000 94.97500 93.33000 0.74710 0.90844
48.00000 94.96833 93.34000 0.74333 0.90929
49.00000 94.93500 93.12000 0.74191 0.91506
