0.00000 0.05000 0.10000 0.15000 0.20000 0.25000 0.30000 0.35000 0.40000 0.45000 0.50000 0.55000 0.60000 0.65000 0.70000 0.75000 0.80000 0.85000 0.90000 0.95000 1.00000
96.75000 96.81000 96.71000 96.78000 96.73000 96.85000 96.72000 96.70000 96.64000 96.71000 96.55000 96.67000 96.66000 96.55000 96.49000 96.35000 96.43000 96.28000 96.32000 96.37000 96.19000
96.75000 96.70000 96.75000 96.75000 96.83000 96.68000 96.65000 96.85000 96.60000 96.69000 96.68000 96.62000 96.52000 96.42000 96.56000 96.52000 96.44000 96.46000 96.33000 96.32000 96.14000
96.75000 96.73000 96.81000 96.78000 96.83000 96.83000 96.78000 96.70000 96.81000 96.68000 96.72000 96.74000 96.65000 96.57000 96.45000 96.50000 96.56000 96.49000 96.33000 96.33000 96.26000
96.75000 96.74000 96.82000 96.72000 96.77000 96.75000 96.71000 96.83000 96.80000 96.73000 96.67000 96.56000 96.59000 96.56000 96.46000 96.39000 96.50000 96.55000 96.24000 96.17000 96.11000
96.75000 96.74000 96.77000 96.81000 96.76000 96.99000 96.77000 96.72000 96.60000 96.61000 96.55000 96.67000 96.59000 96.76000 96.51000 96.56000 96.43000 96.29000 96.29000 96.25000 96.29000
96.75000 96.74000 96.81000 96.75000 96.72000 96.80000 96.89000 96.75000 96.75000 96.63000 96.72000 96.65000 96.54000 96.58000 96.40000 96.46000 96.50000 96.35000 96.28000 96.22000 96.28000
96.75000 96.80000 96.78000 96.82000 96.75000 96.81000 96.69000 96.67000 96.75000 96.66000 96.62000 96.62000 96.58000 96.50000 96.48000 96.51000 96.45000 96.35000 96.30000 96.36000 96.34000
96.75000 96.74000 96.82000 96.83000 96.77000 96.79000 96.73000 96.65000 96.66000 96.74000 96.68000 96.72000 96.65000 96.54000 96.51000 96.50000 96.37000 96.34000 96.24000 96.28000 96.30000
96.75000 96.74000 96.75000 96.81000 96.79000 96.73000 96.77000 96.65000 96.80000 96.70000 96.77000 96.70000 96.64000 96.45000 96.47000 96.30000 96.44000 96.30000 96.38000 96.32000 96.13000
96.75000 96.72000 96.77000 96.76000 96.72000 96.80000 96.82000 96.79000 96.79000 96.66000 96.71000 96.64000 96.58000 96.59000 96.44000 96.61000 96.49000 96.24000 96.29000 96.26000 96.23000
96.75000 96.82000 96.75000 96.71000 96.73000 96.71000 96.80000 96.66000 96.69000 96.70000 96.71000 96.68000 96.54000 96.65000 96.38000 96.31000 96.51000 96.38000 96.21000 96.28000 96.29000
96.75000 96.79000 96.73000 96.74000 96.76000 96.78000 96.68000 96.68000 96.80000 96.51000 96.72000 96.65000 96.75000 96.62000 96.56000 96.44000 96.52000 96.42000 96.23000 96.39000 96.14000
96.75000 96.71000 96.76000 96.68000 96.84000 96.69000 96.74000 96.84000 96.77000 96.69000 96.64000 96.80000 96.65000 96.58000 96.44000 96.38000 96.44000 96.45000 96.34000 96.21000 96.26000
96.75000 96.75000 96.74000 96.75000 96.75000 96.88000 96.76000 96.84000 96.64000 96.78000 96.62000 96.66000 96.72000 96.70000 96.70000 96.63000 96.48000 96.32000 96.32000 96.24000 96.02000
96.75000 96.79000 96.88000 96.71000 96.75000 96.82000 96.79000 96.81000 96.71000 96.73000 96.75000 96.68000 96.78000 96.56000 96.55000 96.67000 96.43000 96.43000 96.48000 96.29000 96.17000
96.75000 96.74000 96.71000 96.74000 96.73000 96.82000 96.78000 96.70000 96.77000 96.70000 96.72000 96.63000 96.62000 96.55000 96.56000 96.47000 96.53000 96.47000 96.27000 96.45000 96.23000
96.75000 96.74000 96.81000 96.85000 96.72000 96.84000 96.79000 96.78000 96.73000 96.74000 96.79000 96.54000 96.53000 96.60000 96.54000 96.44000 96.48000 96.37000 96.17000 96.27000 96.15000
96.75000 96.74000 96.74000 96.75000 96.75000 96.76000 96.77000 96.71000 96.75000 96.59000 96.63000 96.67000 96.69000 96.62000 96.53000 96.39000 96.57000 96.35000 96.39000 96.35000 96.29000
96.75000 96.82000 96.73000 96.76000 96.81000 96.79000 96.78000 96.82000 96.68000 96.73000 96.67000 96.68000 96.70000 96.58000 96.45000 96.50000 96.46000 96.48000 96.30000 96.26000 96.31000
96.75000 96.77000 96.77000 96.79000 96.76000 96.78000 96.69000 96.79000 96.61000 96.69000 96.58000 96.70000 96.63000 96.56000 96.56000 96.53000 96.51000 96.52000 96.33000 96.26000 96.15000
