0.00000 0.05000 0.10000 0.15000 0.20000 0.25000 0.30000 0.35000 0.40000 0.45000 0.50000 0.55000 0.60000 0.65000 0.70000 0.75000 0.80000 0.85000 0.90000 0.95000 1.00000
96.75000 96.62000 96.61000 96.67000 96.61000 96.65000 96.33000 95.48000 93.87000 91.01000 86.03000 80.14000 73.29000 64.84000 56.17000 48.98000 43.08000 38.92000 35.32000 32.28000 29.63000
96.75000 96.56000 96.59000 96.64000 96.56000 96.70000 96.30000 95.63000 94.09000 90.92000 85.87000 80.27000 73.05000 64.40000 56.59000 48.72000 43.20000 38.94000 35.35000 32.45000 30.18000
96.75000 96.65000 96.59000 96.65000 96.64000 96.67000 96.32000 95.68000 94.03000 90.87000 86.32000 80.07000 72.50000 64.93000 56.27000 48.66000 43.03000 38.77000 35.57000 32.75000 29.91000
96.75000 96.65000 96.62000 96.66000 96.72000 96.61000 96.21000 95.48000 94.00000 90.87000 86.21000 80.58000 73.24000 64.81000 56.72000 48.51000 43.15000 38.59000 35.24000 32.54000 30.07000
96.75000 96.59000 96.60000 96.59000 96.60000 96.56000 96.42000 95.45000 94.08000 90.85000 86.21000 80.18000 72.78000 64.71000 56.32000 49.20000 42.88000 38.77000 35.25000 32.52000 30.37000
96.75000 96.68000 96.60000 96.65000 96.61000 96.57000 96.32000 95.42000 93.89000 90.57000 86.01000 80.08000 73.02000 64.77000 56.33000 49.15000 42.98000 38.56000 35.09000 32.29000 30.25000
96.75000 96.64000 96.56000 96.71000 96.65000 96.52000 96.25000 95.59000 94.14000 91.11000 85.99000 80.21000 73.60000 64.68000 56.39000 49.07000 42.88000 39.23000 35.34000 33.17000 30.55000
96.75000 96.63000 96.60000 96.58000 96.67000 96.59000 96.39000 95.57000 94.24000 91.05000 85.77000 80.10000 72.88000 64.96000 56.02000 48.39000 42.70000 39.21000 35.53000 32.69000 29.95000
96.75000 96.62000 96.63000 96.66000 96.66000 96.53000 96.35000 95.40000 94.07000 90.76000 85.92000 80.14000 73.26000 64.23000 55.98000 48.98000 42.93000 38.74000 35.22000 32.14000 30.10000
96.75000 96.59000 96.59000 96.52000 96.68000 96.61000 96.30000 95.62000 93.98000 90.79000 86.12000 80.00000 73.00000 65.01000 56.12000 49.13000 42.86000 38.93000 35.32000 32.78000 29.92000
96.75000 96.57000 96.56000 96.58000 96.72000 96.64000 96.22000 95.51000 93.86000 90.62000 86.18000 80.00000 72.97000 64.59000 56.02000 48.56000 43.33000 38.70000 35.39000 32.40000 30.35000
96.75000 96.59000 96.60000 96.59000 96.68000 96.66000 96.29000 95.48000 93.79000 90.95000 86.01000 80.13000 73.63000 64.93000 56.09000 48.62000 43.47000 38.46000 35.55000 32.48000 29.64000
96.75000 96.67000 96.61000 96.68000 96.68000 96.65000 96.40000 95.65000 94.04000 90.91000 85.84000 80.14000 72.54000 64.59000 56.29000 48.65000 42.93000 38.85000 35.29000 32.55000 30.09000
96.75000 96.59000 96.58000 96.59000 96.69000 96.66000 96.33000 95.50000 93.96000 90.87000 86.12000 80.11000 72.60000 64.69000 56.16000 48.78000 42.99000 39.05000 35.60000 32.63000 29.97000
96.75000 96.60000 96.62000 96.66000 96.60000 96.58000 96.37000 95.61000 93.97000 90.55000 86.00000 80.02000 73.05000 65.07000 56.04000 48.78000 42.90000 38.30000 35.30000 32.58000 30.00000
96.75000 96.55000 96.59000 96.60000 96.60000 96.60000 96.30000 95.63000 94.20000 90.90000 86.15000 80.12000 72.77000 64.02000 56.29000 49.29000 42.87000 38.37000 35.64000 32.66000 29.56000
96.75000 96.69000 96.59000 96.62000 96.64000 96.69000 96.23000 95.51000 93.97000 90.83000 85.71000 79.96000 72.84000 65.32000 55.77000 48.33000 43.14000 38.48000 35.18000 32.54000 29.97000
96.75000 96.62000 96.62000 96.66000 96.60000 96.63000 96.24000 95.61000 93.89000 90.87000 86.17000 80.32000 72.44000 64.61000 56.23000 48.71000 42.99000 38.61000 35.76000 32.72000 29.97000
96.75000 96.64000 96.58000 96.65000 96.67000 96.64000 96.31000 95.57000 93.85000 90.75000 86.32000 80.10000 73.08000 64.83000 56.46000 48.88000 42.61000 38.90000 35.40000 32.47000 30.44000
96.75000 96.58000 96.57000 96.69000 96.63000 96.57000 96.27000 95.43000 93.86000 90.93000 86.51000 80.55000 72.75000 64.30000 56.21000 48.63000 42.88000 38.55000 35.78000 32.26000 30.06000
