# epoch | tr.acc. | te.acc. | tr.loss | te.loss
0.00000 92.91833 93.21000 1.38475 1.36365
1.00000 94.42333 94.20000 1.05655 1.05843
2.00000 95.31833 95.03000 0.91113 0.93657
3.00000 95.93833 95.28000 0.81481 0.85177
4.00000 96.40667 95.52000 0.76014 0.81477
5.00000 96.58667 95.76000 0.70685 0.76949
6.00000 96.97000 96.01000 0.66277 0.73815
7.00000 97.09667 96.16000 0.64494 0.72999
8.00000 97.26000 96.11000 0.60337 0.69722
9.00000 97.38500 96.12000 0.58246 0.67771
10.00000 97.49500 96.37000 0.55960 0.66489
11.00000 97.63500 96.42000 0.54831 0.65752
12.00000 97.71667 96.55000 0.53662 0.65287
13.00000 97.80667 96.47000 0.52377 0.64394
14.00000 97.87000 96.59000 0.50890 0.63377
15.00000 97.95667 96.59000 0.50061 0.63104
16.00000 97.99167 96.68000 0.49600 0.63487
17.00000 98.06667 96.58000 0.48022 0.62282
18.00000 98.10333 96.77000 0.47519 0.62028
19.00000 98.15667 96.76000 0.46224 0.61034
20.00000 98.25333 96.77000 0.46173 0.61346
21.00000 98.19000 96.67000 0.47032 0.62844
22.00000 98.25333 96.74000 0.44976 0.61308
23.00000 98.30000 96.77000 0.44705 0.61141
24.00000 98.32667 96.64000 0.44167 0.60854
25.00000 98.41333 96.75000 0.43889 0.61328
26.00000 98.37000 96.76000 0.43419 0.60537
27.00000 98.44000 96.77000 0.42736 0.60610
28.00000 98.44500 96.77000 0.42563 0.60552
29.00000 98.48167 96.78000 0.42280 0.60985
30.00000 98.45833 96.57000 0.41866 0.60976
31.00000 98.52500 96.70000 0.41606 0.60845
32.00000 98.53333 96.78000 0.41310 0.60657
33.00000 98.53833 96.65000 0.40883 0.60418
34.00000 98.48667 96.76000 0.40233 0.59899
35.00000 98.57000 96.75000 0.39639 0.60225
36.00000 98.57500 96.80000 0.40277 0.60459
37.00000 98.57667 96.67000 0.39795 0.60271
38.00000 98.66167 96.77000 0.39418 0.60448
39.00000 98.67500 96.74000 0.39434 0.60527
40.00000 98.66833 96.81000 0.39019 0.60459
41.00000 98.69500 96.77000 0.38217 0.60058
42.00000 98.64333 96.69000 0.38486 0.60648
43.00000 98.70000 96.76000 0.38151 0.60268
44.00000 98.68333 96.75000 0.38042 0.60807
45.00000 98.72167 96.69000 0.37617 0.60410
46.00000 98.72833 96.71000 0.37536 0.60587
47.00000 98.71833 96.74000 0.37770 0.60722
48.00000 98.74833 96.70000 0.37548 0.61263
49.00000 98.74833 96.75000 0.36965 0.60517
