0.00000 0.05000 0.10000 0.15000 0.20000 0.25000 0.30000 0.35000 0.40000 0.45000 0.50000 0.55000 0.60000 0.65000 0.70000 0.75000 0.80000 0.85000 0.90000 0.95000 1.00000
96.67000 96.48000 96.23000 95.65000 95.23000 94.40000 93.94000 93.92000 93.25000 92.73000 92.16000 91.43000 91.38000 90.79000 90.21000 89.52000 89.44000 88.95000 88.34000 87.73000 87.84000
96.67000 96.41000 96.19000 95.70000 94.99000 94.60000 94.21000 93.62000 93.17000 92.53000 92.13000 91.77000 90.78000 90.14000 89.99000 89.79000 89.14000 89.25000 88.68000 88.20000 87.43000
96.67000 96.44000 95.93000 95.72000 95.15000 94.77000 94.21000 93.66000 93.20000 92.92000 91.74000 91.45000 90.58000 90.39000 90.38000 89.46000 89.05000 88.93000 88.75000 88.03000 87.85000
96.67000 96.42000 96.20000 95.75000 95.10000 94.43000 94.47000 93.83000 93.22000 92.67000 92.30000 91.80000 91.36000 90.54000 90.49000 90.07000 89.23000 88.78000 88.60000 87.66000 87.60000
96.67000 96.41000 96.26000 95.68000 95.23000 94.46000 94.33000 93.76000 93.25000 92.74000 91.57000 91.31000 91.17000 90.78000 90.36000 89.91000 88.93000 88.75000 88.94000 88.23000 88.36000
96.67000 96.46000 96.20000 95.78000 95.23000 94.68000 94.14000 93.48000 93.30000 92.57000 91.85000 91.35000 91.23000 90.85000 89.99000 89.67000 88.74000 88.76000 88.21000 87.94000 87.68000
96.67000 96.53000 96.04000 95.92000 95.15000 94.95000 94.28000 93.83000 93.26000 92.35000 92.12000 91.67000 91.02000 90.71000 90.15000 89.72000 89.39000 89.02000 88.77000 88.14000 87.46000
96.67000 96.44000 96.09000 95.57000 95.38000 94.78000 94.32000 93.55000 93.32000 92.67000 92.06000 91.47000 90.87000 90.42000 90.15000 89.89000 89.29000 88.65000 88.48000 87.56000 87.57000
96.67000 96.41000 96.24000 95.53000 95.39000 94.71000 94.36000 93.57000 93.11000 92.86000 92.00000 91.42000 91.15000 90.07000 90.02000 89.46000 89.28000 88.52000 88.77000 88.06000 88.07000
96.67000 96.49000 96.06000 95.59000 95.19000 94.55000 94.41000 93.74000 92.99000 92.52000 92.02000 91.16000 90.69000 90.85000 90.26000 89.64000 89.13000 88.99000 87.98000 87.76000 87.36000
96.67000 96.43000 96.28000 95.83000 95.12000 94.57000 94.17000 93.81000 93.01000 93.00000 92.18000 91.59000 91.43000 90.90000 90.61000 89.65000 89.49000 89.20000 88.85000 88.30000 87.57000
96.67000 96.45000 95.94000 95.78000 95.15000 94.65000 94.34000 93.66000 93.17000 92.82000 92.28000 91.55000 91.07000 90.87000 90.29000 89.31000 89.65000 88.74000 88.65000 88.09000 87.36000
96.67000 96.41000 96.09000 95.62000 95.41000 94.86000 94.33000 93.71000 93.15000 92.71000 91.71000 91.58000 90.77000 90.24000 90.07000 89.76000 88.90000 88.92000 88.52000 88.17000 87.77000
96.67000 96.39000 96.09000 95.77000 95.38000 94.74000 94.15000 93.65000 93.08000 92.80000 92.11000 91.67000 91.30000 90.67000 90.57000 89.68000 89.52000 88.53000 88.59000 87.75000 87.60000
96.67000 96.23000 96.21000 95.92000 95.24000 94.90000 94.20000 93.66000 93.16000 92.57000 92.06000 91.68000 90.98000 90.56000 90.38000 89.96000 89.33000 88.79000 88.37000 88.05000 87.85000
96.67000 96.36000 96.05000 95.56000 95.02000 94.81000 94.17000 93.84000 93.41000 92.32000 92.45000 92.02000 90.93000 90.57000 90.32000 89.79000 89.71000 89.29000 88.01000 87.91000 87.68000
96.67000 96.46000 96.19000 95.91000 95.27000 94.60000 94.19000 93.64000 93.22000 92.46000 91.78000 91.89000 91.01000 90.35000 90.10000 89.82000 89.05000 88.76000 88.19000 87.84000 87.99000
96.67000 96.51000 96.23000 95.68000 95.29000 94.66000 94.00000 93.58000 93.31000 93.06000 92.16000 91.77000 90.91000 90.81000 90.10000 89.89000 89.37000 89.31000 88.25000 87.79000 87.41000
96.67000 96.42000 96.12000 95.75000 95.34000 94.81000 94.27000 93.87000 93.20000 92.76000 92.00000 91.96000 91.31000 90.25000 90.21000 89.69000 89.18000 89.03000 88.09000 88.30000 87.66000
96.67000 96.48000 96.17000 95.86000 95.15000 94.69000 93.91000 93.62000 93.42000 92.66000 92.17000 91.37000 91.26000 91.19000 89.99000 89.38000 89.39000 89.26000 88.87000 87.69000 87.82000
