0.00000 0.05000 0.10000 0.15000 0.20000 0.25000 0.30000 0.35000 0.40000 0.45000 0.50000 0.55000 0.60000 0.65000 0.70000 0.75000 0.80000 0.85000 0.90000 0.95000 1.00000
96.67000 96.63000 96.64000 96.61000 96.64000 96.05000 95.08000 93.31000 89.99000 85.18000 78.95000 72.06000 64.47000 57.79000 51.40000 46.11000 40.86000 36.67000 32.68000 29.88000 26.81000
96.67000 96.59000 96.57000 96.59000 96.56000 96.15000 95.12000 93.47000 89.96000 85.10000 79.31000 71.68000 64.47000 57.97000 51.37000 45.98000 40.51000 36.86000 33.32000 30.07000 27.42000
96.67000 96.60000 96.54000 96.71000 96.50000 95.98000 95.21000 93.41000 89.81000 85.06000 78.75000 71.96000 64.05000 57.82000 51.56000 45.95000 40.96000 37.49000 33.30000 30.14000 27.37000
96.67000 96.61000 96.61000 96.64000 96.54000 96.22000 95.35000 93.25000 89.50000 84.32000 78.44000 72.16000 64.52000 58.17000 51.34000 46.26000 41.63000 37.19000 33.58000 30.09000 27.16000
96.67000 96.61000 96.61000 96.63000 96.57000 96.21000 95.35000 93.24000 89.73000 85.13000 78.57000 72.16000 63.94000 57.72000 51.71000 45.55000 41.64000 36.65000 32.56000 30.55000 26.68000
96.67000 96.64000 96.57000 96.61000 96.66000 96.21000 95.13000 93.55000 89.92000 84.99000 78.86000 71.88000 64.59000 58.53000 50.78000 46.02000 40.63000 36.61000 33.19000 29.31000 26.83000
96.67000 96.59000 96.64000 96.63000 96.62000 96.08000 95.22000 93.40000 89.70000 85.10000 79.42000 71.65000 64.49000 57.85000 51.07000 45.58000 41.36000 36.63000 32.77000 30.13000 26.73000
96.67000 96.57000 96.67000 96.55000 96.46000 96.17000 95.05000 93.25000 90.37000 84.93000 78.48000 72.09000 64.25000 58.09000 51.87000 46.09000 41.44000 36.66000 32.88000 30.56000 27.05000
96.67000 96.63000 96.63000 96.66000 96.56000 96.08000 95.39000 93.36000 89.58000 84.63000 78.90000 71.93000 63.86000 57.69000 51.23000 47.14000 41.66000 37.00000 32.97000 29.65000 27.02000
96.67000 96.58000 96.54000 96.67000 96.55000 96.22000 95.21000 93.47000 89.69000 84.47000 78.57000 71.79000 64.56000 58.10000 51.78000 45.97000 41.04000 36.96000 32.95000 29.98000 27.25000
96.67000 96.57000 96.62000 96.50000 96.57000 96.20000 95.32000 93.49000 89.65000 84.67000 78.94000 72.23000 65.06000 57.78000 51.22000 45.46000 41.38000 36.80000 33.05000 29.99000 27.17000
96.67000 96.60000 96.70000 96.72000 96.49000 96.14000 95.16000 93.52000 89.85000 85.41000 79.12000 72.30000 64.41000 58.64000 51.71000 45.92000 40.92000 37.24000 32.70000 30.23000 26.37000
96.67000 96.60000 96.62000 96.72000 96.54000 96.15000 95.05000 93.40000 89.67000 85.09000 78.91000 71.55000 64.40000 58.26000 51.55000 45.87000 41.05000 37.25000 33.10000 30.32000 26.91000
96.67000 96.57000 96.62000 96.63000 96.61000 96.18000 95.27000 93.35000 90.10000 84.78000 78.75000 71.80000 64.62000 58.04000 51.28000 46.48000 40.51000 37.49000 32.98000 29.94000 27.08000
96.67000 96.62000 96.56000 96.59000 96.64000 96.17000 95.25000 93.34000 90.12000 85.40000 78.70000 71.45000 64.64000 57.74000 51.16000 46.00000 40.75000 36.48000 33.03000 30.00000 27.06000
96.67000 96.58000 96.61000 96.63000 96.48000 96.30000 95.42000 93.42000 89.94000 84.95000 78.61000 71.41000 64.64000 57.90000 52.28000 46.50000 41.39000 36.83000 33.38000 30.41000 26.70000
96.67000 96.62000 96.67000 96.64000 96.42000 96.23000 95.28000 93.38000 90.18000 85.34000 79.39000 72.14000 64.70000 57.87000 51.56000 45.69000 41.40000 36.61000 33.18000 30.04000 27.25000
96.67000 96.67000 96.57000 96.69000 96.53000 96.17000 95.24000 93.17000 89.97000 85.43000 78.73000 71.40000 64.85000 58.15000 51.25000 46.00000 41.28000 36.41000 32.78000 30.06000 27.53000
96.67000 96.62000 96.63000 96.56000 96.63000 96.02000 95.41000 93.49000 89.94000 85.48000 78.42000 71.33000 64.88000 57.62000 51.66000 45.52000 41.03000 36.78000 33.39000 29.81000 27.13000
96.67000 96.57000 96.65000 96.62000 96.56000 96.19000 95.34000 93.42000 89.71000 85.14000 78.65000 72.16000 65.34000 57.24000 51.68000 45.79000 41.16000 36.77000 33.17000 29.73000 27.28000
