# epoch | tr.acc. | te.acc. | tr.loss | te.loss
0.00000 93.54500 93.26000 1.25479 1.24116
1.00000 95.17167 95.02000 0.92695 0.93309
2.00000 95.95000 95.58000 0.78966 0.81826
3.00000 96.44500 95.98000 0.70579 0.74372
4.00000 96.93500 96.32000 0.64970 0.69801
5.00000 97.14167 96.39000 0.60819 0.67238
6.00000 97.44333 96.68000 0.58531 0.65854
7.00000 97.48500 96.67000 0.54565 0.62234
8.00000 97.61000 96.69000 0.53410 0.61968
9.00000 97.74833 96.74000 0.50792 0.60246
10.00000 97.89000 96.87000 0.50250 0.60747
11.00000 97.91000 96.91000 0.48838 0.59713
12.00000 98.03167 96.92000 0.46525 0.57860
13.00000 98.05833 96.94000 0.46288 0.58235
14.00000 98.14000 96.82000 0.45040 0.58758
15.00000 98.24167 96.86000 0.44043 0.58150
16.00000 98.27500 96.91000 0.42834 0.57312
17.00000 98.29500 96.84000 0.42718 0.57507
18.00000 98.35500 96.98000 0.41191 0.56128
19.00000 98.42167 96.90000 0.40803 0.57044
20.00000 98.44000 97.00000 0.39982 0.56404
21.00000 98.42500 96.87000 0.40073 0.57394
22.00000 98.47167 96.76000 0.39268 0.56792
23.00000 98.52833 96.88000 0.38515 0.56435
24.00000 98.54667 96.83000 0.38045 0.56395
25.00000 98.57833 96.89000 0.38072 0.57107
26.00000 98.60167 96.86000 0.38084 0.57665
27.00000 98.64500 96.88000 0.36631 0.56352
28.00000 98.64167 96.86000 0.37506 0.57518
29.00000 98.72333 96.95000 0.36618 0.57127
30.00000 98.71667 96.80000 0.35522 0.56765
31.00000 98.73333 96.91000 0.35660 0.56902
32.00000 98.77500 96.85000 0.35568 0.57101
33.00000 98.74667 96.80000 0.35516 0.57694
34.00000 98.78333 96.72000 0.34468 0.57132
35.00000 98.81667 96.81000 0.34642 0.57343
36.00000 98.83833 96.86000 0.36094 0.58951
37.00000 98.85833 96.84000 0.34334 0.58004
38.00000 98.85333 96.76000 0.34362 0.58019
39.00000 98.88333 96.80000 0.34102 0.58070
40.00000 98.90000 96.75000 0.33777 0.57974
41.00000 98.94500 96.87000 0.33880 0.58665
42.00000 98.92500 96.75000 0.33003 0.58161
43.00000 98.90333 96.67000 0.32515 0.57723
44.00000 98.98000 96.84000 0.33149 0.58168
45.00000 98.99333 96.77000 0.32271 0.58789
46.00000 98.98667 96.74000 0.32720 0.59062
47.00000 99.03667 96.76000 0.31940 0.58895
48.00000 98.96500 96.72000 0.31704 0.58050
49.00000 99.02000 96.67000 0.32048 0.59425
