0.00000 0.05000 0.10000 0.15000 0.20000 0.25000 0.30000 0.35000 0.40000 0.45000 0.50000 0.55000 0.60000 0.65000 0.70000 0.75000 0.80000 0.85000 0.90000 0.95000 1.00000
92.72000 92.51000 92.52000 92.50000 92.54000 92.44000 92.51000 92.55000 92.51000 92.37000 92.45000 92.00000 91.87000 91.13000 90.50000 89.80000 88.74000 87.11000 85.31000 83.64000 80.76000
92.72000 92.56000 92.43000 92.48000 92.61000 92.48000 92.44000 92.46000 92.57000 92.44000 92.36000 92.21000 91.84000 91.38000 90.44000 89.82000 88.95000 87.06000 85.35000 82.92000 80.75000
92.72000 92.45000 92.46000 92.40000 92.44000 92.65000 92.53000 92.53000 92.53000 92.53000 92.33000 92.08000 91.98000 91.40000 90.87000 89.77000 88.52000 87.11000 85.66000 83.03000 80.97000
92.72000 92.54000 92.59000 92.48000 92.53000 92.58000 92.54000 92.49000 92.31000 92.53000 92.27000 92.06000 91.76000 91.30000 90.70000 89.72000 88.45000 87.10000 84.95000 82.85000 80.97000
92.72000 92.45000 92.46000 92.44000 92.56000 92.67000 92.57000 92.57000 92.63000 92.36000 92.39000 92.20000 91.80000 91.16000 90.59000 89.86000 88.51000 87.40000 85.57000 83.28000 81.04000
92.72000 92.55000 92.40000 92.52000 92.58000 92.56000 92.59000 92.59000 92.50000 92.48000 92.28000 92.10000 91.79000 91.43000 90.69000 89.29000 88.58000 87.22000 85.33000 83.44000 80.89000
92.72000 92.53000 92.53000 92.53000 92.47000 92.47000 92.59000 92.48000 92.50000 92.48000 92.32000 92.13000 91.79000 91.34000 90.81000 89.60000 89.11000 87.09000 85.47000 82.88000 80.70000
92.72000 92.53000 92.51000 92.47000 92.62000 92.50000 92.56000 92.52000 92.48000 92.57000 92.38000 92.11000 91.75000 91.26000 90.73000 89.39000 88.79000 87.31000 85.62000 83.71000 80.60000
92.72000 92.55000 92.50000 92.53000 92.49000 92.47000 92.65000 92.54000 92.69000 92.37000 92.40000 92.09000 91.77000 91.45000 90.64000 89.62000 88.95000 87.46000 85.62000 82.68000 80.42000
92.72000 92.51000 92.55000 92.47000 92.58000 92.60000 92.59000 92.61000 92.43000 92.49000 92.19000 92.19000 91.89000 91.36000 90.65000 90.11000 88.43000 86.93000 85.44000 83.27000 80.86000
92.72000 92.57000 92.48000 92.52000 92.51000 92.52000 92.55000 92.64000 92.58000 92.31000 92.29000 92.20000 91.72000 91.27000 90.74000 89.90000 88.65000 87.04000 85.54000 83.34000 81.14000
92.72000 92.50000 92.47000 92.48000 92.56000 92.47000 92.60000 92.51000 92.64000 92.48000 92.34000 92.22000 91.98000 91.43000 90.66000 89.85000 88.53000 87.21000 85.29000 83.20000 80.93000
92.72000 92.54000 92.47000 92.47000 92.56000 92.52000 92.58000 92.61000 92.53000 92.48000 92.30000 92.11000 91.77000 91.18000 90.76000 89.86000 88.54000 86.82000 85.43000 83.18000 80.73000
92.72000 92.55000 92.49000 92.54000 92.45000 92.57000 92.62000 92.62000 92.54000 92.52000 92.22000 92.11000 91.73000 91.54000 90.63000 89.76000 88.54000 87.26000 85.45000 83.26000 80.71000
92.72000 92.47000 92.56000 92.45000 92.54000 92.59000 92.51000 92.55000 92.43000 92.44000 92.40000 92.11000 91.77000 91.31000 90.75000 89.72000 88.45000 87.13000 85.20000 83.28000 80.87000
92.72000 92.61000 92.43000 92.50000 92.54000 92.54000 92.56000 92.49000 92.58000 92.54000 92.21000 92.02000 91.85000 91.20000 90.78000 89.73000 88.68000 87.21000 85.69000 83.60000 81.05000
92.72000 92.58000 92.49000 92.49000 92.50000 92.47000 92.57000 92.58000 92.59000 92.48000 92.32000 92.20000 91.94000 91.26000 90.50000 89.59000 88.55000 87.14000 85.43000 83.06000 80.24000
92.72000 92.44000 92.48000 92.47000 92.53000 92.42000 92.53000 92.57000 92.63000 92.41000 92.24000 92.05000 91.87000 91.45000 90.74000 89.62000 88.81000 87.11000 85.20000 83.35000 80.88000
92.72000 92.48000 92.54000 92.54000 92.52000 92.57000 92.65000 92.60000 92.56000 92.51000 92.27000 92.11000 91.81000 91.26000 90.62000 89.80000 88.48000 86.84000 85.24000 83.42000 80.54000
92.72000 92.55000 92.45000 92.48000 92.57000 92.53000 92.51000 92.65000 92.62000 92.52000 92.38000 92.04000 91.82000 91.42000 90.64000 89.90000 88.91000 86.84000 85.42000 83.57000 80.56000
