# epoch | tr.acc. | te.acc. | tr.loss | te.loss
0.00000 86.72000 87.23000 2.87044 2.85232
1.00000 89.59000 89.60000 2.06212 2.05913
2.00000 89.98500 89.95000 1.80619 1.81026
3.00000 90.40667 90.41000 1.65379 1.65578
4.00000 90.98833 90.69000 1.54288 1.55466
5.00000 91.53333 91.09000 1.44406 1.46056
6.00000 91.73167 91.37000 1.38135 1.40907
7.00000 92.22000 91.91000 1.30194 1.33358
8.00000 92.48833 92.12000 1.23872 1.27844
9.00000 92.70167 92.28000 1.17710 1.21675
10.00000 92.88833 92.43000 1.13261 1.17979
11.00000 93.10667 92.58000 1.10154 1.15041
12.00000 93.10333 92.52000 1.08137 1.13493
13.00000 93.14333 92.45000 1.04484 1.09335
14.00000 93.24167 92.55000 1.01201 1.06614
15.00000 93.39667 92.66000 0.98000 1.03426
16.00000 93.45500 92.71000 0.96078 1.01593
17.00000 93.45000 92.40000 0.94353 1.00998
18.00000 93.52333 92.70000 0.93064 0.98720
19.00000 93.55833 92.72000 0.91143 0.97693
20.00000 93.53167 92.68000 0.90141 0.97031
21.00000 93.65667 92.76000 0.89120 0.96252
22.00000 93.76500 92.89000 0.88237 0.95111
23.00000 93.71833 92.86000 0.87278 0.94889
24.00000 93.78333 92.70000 0.86854 0.94886
25.00000 93.86167 93.06000 0.86553 0.94328
26.00000 93.81333 92.91000 0.85693 0.93815
27.00000 93.89667 92.86000 0.85524 0.93748
28.00000 93.92500 92.95000 0.84958 0.93263
29.00000 94.00333 92.94000 0.84252 0.93278
30.00000 93.93333 92.88000 0.84550 0.93835
31.00000 93.91167 92.83000 0.83383 0.92724
32.00000 94.00167 92.94000 0.83515 0.93041
33.00000 94.00167 92.90000 0.83427 0.92955
34.00000 94.07167 92.83000 0.82598 0.92447
35.00000 93.99333 92.82000 0.82772 0.92672
36.00000 94.05500 92.86000 0.81995 0.91769
37.00000 94.04667 92.88000 0.82768 0.92488
38.00000 94.00333 92.79000 0.81745 0.92169
39.00000 94.08833 93.00000 0.80937 0.91069
40.00000 94.03167 92.71000 0.80967 0.91836
41.00000 94.06667 92.93000 0.81231 0.92218
42.00000 94.16667 93.00000 0.80458 0.91232
43.00000 94.20833 92.96000 0.80579 0.91805
44.00000 94.21500 92.96000 0.80291 0.91811
45.00000 94.22000 92.91000 0.80848 0.92866
46.00000 94.25500 93.00000 0.79932 0.91069
47.00000 94.25667 92.99000 0.79335 0.91293
48.00000 94.23333 92.96000 0.80181 0.91821
49.00000 94.22833 92.72000 0.79692 0.91978
