0.00000 0.05000 0.10000 0.15000 0.20000 0.25000 0.30000 0.35000 0.40000 0.45000 0.50000 0.55000 0.60000 0.65000 0.70000 0.75000 0.80000 0.85000 0.90000 0.95000 1.00000
93.31000 93.27000 93.29000 93.25000 93.21000 92.97000 93.06000 92.76000 92.52000 92.34000 92.25000 91.98000 91.56000 91.35000 91.17000 90.44000 90.23000 89.98000 89.19000 89.20000 88.68000
93.31000 93.32000 93.22000 93.17000 93.27000 93.03000 93.05000 92.74000 92.41000 92.39000 92.19000 91.71000 91.63000 91.32000 91.02000 90.67000 90.16000 90.00000 89.41000 89.08000 88.76000
93.31000 93.28000 93.31000 93.32000 93.27000 93.09000 93.10000 92.86000 92.62000 92.42000 92.21000 91.87000 91.47000 91.03000 91.01000 90.32000 90.23000 89.86000 89.34000 89.18000 88.77000
93.31000 93.26000 93.28000 93.35000 93.20000 93.08000 92.88000 92.83000 92.52000 92.44000 92.15000 91.78000 91.87000 91.25000 90.96000 90.67000 90.39000 89.95000 89.56000 88.89000 88.99000
93.31000 93.31000 93.32000 93.29000 93.28000 93.20000 92.93000 92.72000 92.63000 92.33000 92.10000 91.96000 91.55000 91.53000 91.19000 90.68000 90.40000 89.77000 89.54000 88.99000 88.70000
93.31000 93.30000 93.29000 93.21000 93.18000 93.03000 93.09000 92.66000 92.59000 92.24000 92.20000 91.89000 91.62000 91.25000 90.93000 90.86000 90.32000 89.90000 89.45000 89.27000 88.45000
93.31000 93.34000 93.38000 93.18000 93.23000 93.17000 92.97000 92.76000 92.73000 92.26000 92.14000 91.93000 91.51000 91.45000 90.99000 90.41000 90.15000 89.94000 89.56000 89.05000 88.34000
93.31000 93.35000 93.27000 93.31000 93.09000 93.09000 93.11000 92.66000 92.75000 92.49000 92.26000 91.90000 91.69000 91.56000 91.27000 90.58000 90.07000 90.07000 89.46000 88.75000 88.85000
93.31000 93.22000 93.25000 93.22000 93.26000 93.13000 92.83000 92.69000 92.51000 92.34000 92.39000 92.06000 91.65000 91.33000 90.91000 90.59000 90.35000 89.96000 89.43000 89.06000 88.50000
93.31000 93.32000 93.35000 93.35000 93.24000 93.22000 92.99000 92.70000 92.59000 92.20000 92.09000 91.72000 91.69000 91.43000 90.78000 90.56000 90.23000 90.10000 89.31000 89.10000 88.53000
93.31000 93.40000 93.35000 93.13000 93.28000 93.09000 93.06000 92.84000 92.56000 92.44000 92.20000 91.86000 91.45000 91.61000 91.03000 90.66000 90.29000 89.93000 89.59000 88.84000 88.28000
93.31000 93.33000 93.30000 93.30000 93.12000 93.07000 92.87000 92.80000 92.43000 92.52000 92.27000 91.87000 91.85000 91.30000 90.84000 90.48000 90.52000 90.24000 89.78000 88.86000 88.76000
93.31000 93.25000 93.18000 93.34000 93.43000 92.99000 93.06000 92.67000 92.67000 92.40000 92.25000 91.92000 91.68000 91.35000 90.90000 90.47000 90.44000 89.94000 89.47000 89.01000 88.36000
93.31000 93.33000 93.31000 93.12000 93.16000 93.13000 92.94000 92.89000 92.54000 92.34000 92.22000 91.85000 91.65000 91.31000 91.24000 90.42000 90.43000 89.88000 89.55000 89.00000 88.38000
93.31000 93.31000 93.34000 93.32000 93.20000 93.02000 93.11000 92.69000 92.69000 92.46000 92.14000 92.15000 91.51000 91.62000 91.03000 90.81000 90.37000 90.01000 89.32000 89.05000 88.31000
93.31000 93.27000 93.23000 93.21000 93.30000 93.05000 92.93000 92.71000 92.66000 92.33000 92.05000 91.93000 91.55000 91.27000 91.06000 90.75000 90.22000 89.75000 89.58000 88.95000 88.71000
93.31000 93.27000 93.20000 93.44000 93.10000 93.19000 92.88000 92.74000 92.79000 92.32000 92.15000 91.80000 91.67000 91.31000 90.81000 90.81000 90.13000 89.89000 89.46000 88.90000 88.54000
93.31000 93.28000 93.23000 93.38000 93.07000 93.15000 92.73000 92.73000 92.63000 92.33000 92.07000 92.03000 91.67000 91.25000 91.20000 90.51000 90.17000 90.03000 89.49000 89.13000 88.73000
93.31000 93.28000 93.42000 93.19000 93.27000 93.03000 92.99000 92.86000 92.50000 92.67000 92.19000 92.10000 91.44000 91.43000 90.68000 90.38000 90.29000 90.23000 89.65000 89.18000 88.92000
93.31000 93.29000 93.31000 93.37000 93.29000 93.01000 92.88000 92.70000 92.70000 92.39000 91.98000 91.98000 91.32000 91.30000 91.11000 90.80000 90.55000 89.96000 89.55000 88.92000 88.52000
