# epoch | tr.acc. | te.acc. | tr.loss | te.loss
0.00000 85.32833 86.22000 2.80646 2.76333
1.00000 88.17500 88.59000 2.30072 2.26325
2.00000 89.52500 89.94000 2.02856 1.99664
3.00000 90.68333 91.07000 1.81550 1.79186
4.00000 91.19500 91.21000 1.67597 1.65960
5.00000 91.42167 91.46000 1.58414 1.56853
6.00000 91.77333 91.67000 1.51655 1.50340
7.00000 91.89833 91.94000 1.45515 1.44476
8.00000 92.05667 92.11000 1.40778 1.40034
9.00000 92.19500 92.23000 1.37114 1.36609
10.00000 92.27833 92.36000 1.33470 1.33246
11.00000 92.34500 92.41000 1.30357 1.29720
12.00000 92.44167 92.51000 1.27294 1.26800
13.00000 92.59333 92.53000 1.24845 1.24703
14.00000 92.70833 92.57000 1.22301 1.22356
15.00000 92.72500 92.52000 1.20071 1.20137
16.00000 92.85500 92.61000 1.17988 1.18075
17.00000 92.92667 92.59000 1.16854 1.17343
18.00000 93.00167 92.64000 1.14714 1.15196
19.00000 92.96833 92.71000 1.12970 1.13770
20.00000 93.07500 92.71000 1.11103 1.11820
21.00000 92.91833 92.75000 1.09894 1.10817
22.00000 93.14833 92.91000 1.08684 1.09878
23.00000 93.11833 92.85000 1.07064 1.08016
24.00000 93.26167 92.93000 1.05759 1.07119
25.00000 93.26667 92.87000 1.04356 1.05733
26.00000 93.33833 93.03000 1.03621 1.05276
27.00000 93.34167 93.04000 1.02390 1.03977
28.00000 93.42667 93.03000 1.01674 1.03552
29.00000 93.41167 92.82000 1.00408 1.02388
30.00000 93.42500 92.99000 0.99261 1.01399
31.00000 93.52500 93.03000 0.97543 0.99395
32.00000 93.52167 93.12000 0.96407 0.98422
33.00000 93.53667 93.09000 0.95732 0.97796
34.00000 93.53833 93.15000 0.94996 0.97076
35.00000 93.63167 93.11000 0.94376 0.96922
36.00000 93.53000 93.10000 0.93655 0.95698
37.00000 93.56667 93.09000 0.92987 0.95318
38.00000 93.67500 93.24000 0.92484 0.95181
39.00000 93.66667 93.26000 0.92035 0.94724
40.00000 93.73667 93.15000 0.91463 0.94155
41.00000 93.76333 93.26000 0.90946 0.93590
42.00000 93.77000 93.21000 0.90315 0.93260
43.00000 93.76000 93.26000 0.90237 0.93090
44.00000 93.84833 93.29000 0.89681 0.92952
45.00000 93.83000 93.21000 0.89364 0.92790
46.00000 93.89333 93.21000 0.89009 0.92485
47.00000 93.96167 93.32000 0.89307 0.92756
48.00000 93.89000 93.25000 0.88295 0.91796
49.00000 93.97833 93.31000 0.88223 0.91904
