0.00000 0.05000 0.10000 0.15000 0.20000 0.25000 0.30000 0.35000 0.40000 0.45000 0.50000 0.55000 0.60000 0.65000 0.70000 0.75000 0.80000 0.85000 0.90000 0.95000 1.00000
96.94000 96.94000 96.78000 96.78000 96.65000 96.56000 96.22000 96.20000 95.93000 95.87000 95.68000 95.14000 95.01000 94.75000 93.92000 93.59000 93.34000 92.57000 91.93000 91.73000 90.67000
96.94000 96.89000 96.95000 96.73000 96.68000 96.54000 96.37000 96.32000 96.13000 95.88000 95.56000 95.34000 94.80000 94.78000 94.19000 93.80000 93.14000 92.64000 92.45000 91.32000 90.92000
96.94000 96.88000 96.79000 96.79000 96.70000 96.45000 96.33000 96.28000 96.08000 96.05000 95.55000 95.30000 95.05000 94.70000 94.28000 93.76000 92.93000 92.76000 91.83000 91.64000 91.07000
96.94000 96.94000 96.82000 96.75000 96.73000 96.46000 96.36000 96.30000 96.02000 95.82000 95.59000 95.32000 95.01000 94.69000 94.06000 93.71000 93.09000 92.78000 92.01000 91.54000 90.83000
96.94000 96.83000 96.82000 96.76000 96.62000 96.68000 96.40000 96.08000 96.08000 95.88000 95.77000 95.48000 95.04000 94.62000 93.99000 93.81000 93.15000 92.68000 92.12000 91.67000 90.65000
96.94000 96.88000 96.79000 96.76000 96.75000 96.63000 96.46000 96.14000 96.06000 95.82000 95.63000 95.14000 95.21000 94.65000 94.08000 93.64000 93.19000 92.63000 92.01000 91.34000 90.69000
96.94000 96.85000 96.79000 96.73000 96.60000 96.44000 96.33000 96.43000 96.05000 95.93000 95.68000 95.26000 95.06000 94.59000 94.40000 93.90000 93.19000 93.08000 91.70000 91.77000 90.62000
96.94000 96.87000 96.89000 96.88000 96.69000 96.63000 96.38000 96.18000 95.90000 95.87000 95.62000 95.26000 95.04000 94.75000 94.32000 93.56000 93.28000 92.84000 92.19000 91.48000 90.83000
96.94000 96.91000 96.70000 96.76000 96.68000 96.53000 96.56000 96.27000 96.08000 95.95000 95.50000 95.25000 95.18000 94.55000 93.92000 93.56000 93.11000 92.95000 92.26000 91.77000 90.56000
96.94000 96.89000 96.81000 96.80000 96.76000 96.60000 96.42000 96.35000 96.17000 95.89000 95.69000 95.42000 94.96000 94.82000 94.02000 93.81000 93.38000 92.48000 92.03000 91.43000 90.92000
96.94000 96.82000 96.79000 96.85000 96.59000 96.52000 96.24000 96.31000 95.89000 95.78000 95.53000 95.24000 95.01000 94.73000 94.21000 93.58000 93.32000 92.40000 91.76000 91.29000 90.73000
96.94000 96.99000 96.78000 96.86000 96.66000 96.70000 96.47000 96.26000 96.06000 95.81000 95.64000 95.28000 94.91000 94.73000 94.34000 93.89000 92.96000 92.85000 92.04000 91.54000 91.00000
96.94000 96.92000 96.86000 96.80000 96.61000 96.47000 96.32000 96.14000 95.98000 95.95000 95.47000 95.36000 94.99000 94.62000 94.13000 93.76000 93.17000 93.18000 92.04000 91.48000 90.69000
96.94000 96.90000 96.89000 96.75000 96.67000 96.66000 96.46000 96.11000 96.13000 95.90000 95.58000 95.32000 94.92000 94.63000 94.05000 93.68000 93.03000 92.63000 92.32000 91.63000 91.07000
96.94000 96.93000 96.78000 96.83000 96.73000 96.62000 96.48000 96.32000 95.93000 95.89000 95.70000 95.24000 94.86000 94.54000 94.27000 93.63000 93.13000 92.77000 92.26000 91.41000 91.04000
96.94000 96.93000 96.82000 96.78000 96.69000 96.30000 96.27000 96.28000 96.32000 95.85000 95.69000 95.26000 94.96000 94.65000 94.11000 93.64000 93.23000 92.48000 92.09000 91.38000 90.79000
96.94000 96.91000 96.80000 96.71000 96.82000 96.61000 96.50000 96.25000 96.07000 95.79000 95.63000 95.23000 94.64000 94.88000 93.89000 93.81000 93.20000 92.85000 91.94000 91.61000 90.82000
96.94000 96.96000 96.95000 96.72000 96.66000 96.59000 96.41000 96.07000 96.03000 95.83000 95.44000 95.39000 94.72000 94.58000 94.22000 93.53000 93.08000 92.54000 92.19000 91.48000 90.90000
96.94000 96.91000 96.88000 96.65000 96.80000 96.45000 96.48000 96.23000 96.21000 95.90000 95.49000 95.39000 95.11000 94.85000 94.16000 93.96000 93.39000 92.62000 92.05000 91.56000 90.92000
96.94000 96.88000 96.81000 96.81000 96.70000 96.42000 96.31000 96.30000 96.10000 95.90000 95.71000 95.33000 94.82000 94.69000 94.02000 93.54000 92.94000 92.32000 91.93000 91.57000 90.56000
