0.00000 0.05000 0.10000 0.15000 0.20000 0.25000 0.30000 0.35000 0.40000 0.45000 0.50000 0.55000 0.60000 0.65000 0.70000 0.75000 0.80000 0.85000 0.90000 0.95000 1.00000
93.61000 93.67000 93.70000 93.62000 93.63000 93.43000 93.14000 92.78000 92.68000 92.35000 92.13000 91.76000 91.34000 90.95000 90.66000 90.12000 89.89000 89.95000 89.11000 89.07000 88.59000
93.61000 93.65000 93.71000 93.68000 93.50000 93.31000 93.20000 92.87000 92.67000 92.45000 92.00000 91.80000 91.33000 91.11000 90.86000 90.49000 90.18000 89.71000 89.30000 88.81000 88.70000
93.61000 93.69000 93.70000 93.63000 93.47000 93.42000 93.23000 93.04000 92.44000 92.40000 92.19000 91.83000 91.18000 91.08000 90.57000 90.28000 89.76000 89.75000 89.02000 89.09000 88.87000
93.61000 93.66000 93.61000 93.57000 93.46000 93.33000 93.29000 92.89000 92.75000 92.46000 92.16000 91.72000 91.40000 91.18000 90.59000 90.17000 89.85000 89.69000 89.50000 89.05000 88.53000
93.61000 93.69000 93.68000 93.67000 93.64000 93.35000 93.16000 93.00000 92.69000 92.42000 92.11000 91.65000 91.31000 91.01000 90.72000 90.38000 89.90000 89.64000 89.10000 88.90000 88.76000
93.61000 93.71000 93.65000 93.69000 93.60000 93.36000 93.33000 92.94000 92.68000 92.50000 92.00000 91.76000 91.30000 90.98000 90.87000 90.43000 90.06000 89.73000 89.61000 88.85000 88.72000
93.61000 93.66000 93.72000 93.54000 93.37000 93.27000 93.20000 93.05000 92.59000 92.42000 92.16000 91.65000 91.26000 90.91000 90.90000 90.48000 89.83000 89.61000 89.28000 88.97000 88.81000
93.61000 93.67000 93.69000 93.58000 93.50000 93.42000 93.22000 92.95000 92.68000 92.44000 92.02000 92.12000 91.55000 91.15000 90.65000 90.64000 89.68000 89.46000 89.25000 88.68000 88.57000
93.61000 93.69000 93.80000 93.53000 93.63000 93.31000 93.16000 92.87000 92.64000 92.41000 92.06000 91.71000 91.54000 91.18000 90.89000 90.46000 89.89000 89.71000 89.10000 89.05000 88.58000
93.61000 93.69000 93.67000 93.59000 93.53000 93.42000 93.21000 92.90000 92.65000 92.42000 92.09000 91.67000 91.36000 91.27000 90.87000 90.21000 89.78000 89.64000 89.28000 89.13000 88.58000
93.61000 93.71000 93.62000 93.55000 93.58000 93.39000 93.17000 93.00000 92.69000 92.44000 91.94000 91.76000 91.32000 91.12000 90.64000 90.23000 89.88000 89.58000 89.09000 89.08000 88.73000
93.61000 93.60000 93.74000 93.61000 93.59000 93.50000 93.26000 92.87000 92.78000 92.41000 91.92000 91.82000 91.49000 91.17000 90.75000 90.30000 89.97000 89.75000 89.21000 89.04000 88.57000
93.61000 93.66000 93.68000 93.56000 93.45000 93.31000 93.16000 92.88000 92.65000 92.38000 92.07000 91.75000 91.34000 91.07000 90.79000 90.40000 89.81000 89.80000 89.35000 88.87000 88.88000
93.61000 93.67000 93.74000 93.55000 93.61000 93.39000 93.29000 92.99000 92.73000 92.41000 92.09000 91.69000 91.38000 91.20000 90.58000 90.12000 89.89000 89.52000 89.31000 88.72000 88.55000
93.61000 93.65000 93.67000 93.58000 93.56000 93.39000 93.05000 92.95000 92.64000 92.43000 91.96000 91.58000 91.31000 91.01000 90.86000 90.48000 90.00000 89.54000 89.31000 89.00000 88.57000
93.61000 93.65000 93.72000 93.60000 93.46000 93.34000 93.19000 92.74000 92.73000 92.36000 92.06000 91.73000 91.25000 90.90000 90.95000 90.45000 89.97000 89.58000 89.31000 88.95000 88.50000
93.61000 93.70000 93.70000 93.58000 93.48000 93.38000 93.08000 93.07000 92.54000 92.45000 92.29000 91.63000 91.58000 91.11000 90.80000 90.14000 90.11000 89.55000 89.34000 88.95000 88.62000
93.61000 93.64000 93.75000 93.65000 93.48000 93.30000 92.93000 92.82000 92.61000 92.29000 92.09000 91.54000 91.22000 91.00000 90.63000 90.46000 90.03000 89.49000 89.11000 89.09000 88.42000
93.61000 93.66000 93.63000 93.57000 93.49000 93.31000 93.17000 92.85000 92.61000 92.47000 92.17000 91.52000 91.36000 91.05000 90.63000 90.23000 89.98000 89.48000 89.36000 88.84000 89.03000
93.61000 93.65000 93.64000 93.64000 93.41000 93.41000 93.18000 92.96000 92.64000 92.41000 92.11000 91.79000 91.63000 91.05000 90.61000 90.21000 90.17000 89.71000 89.31000 88.98000 88.81000
