0.00000 0.05000 0.10000 0.15000 0.20000 0.25000 0.30000 0.35000 0.40000 0.45000 0.50000 0.55000 0.60000 0.65000 0.70000 0.75000 0.80000 0.85000 0.90000 0.95000 1.00000
93.31000 93.30000 93.38000 93.25000 93.34000 93.21000 93.06000 92.97000 92.97000 92.55000 92.41000 92.38000 92.29000 92.09000 91.71000 91.64000 91.38000 91.03000 90.88000 90.72000 90.07000
93.31000 93.26000 93.32000 93.33000 93.28000 93.17000 93.09000 92.83000 92.80000 92.71000 92.60000 92.31000 92.27000 91.95000 91.81000 91.70000 91.30000 90.94000 90.80000 90.22000 90.08000
93.31000 93.28000 93.31000 93.20000 93.27000 93.16000 93.02000 93.04000 92.88000 92.73000 92.50000 92.29000 92.03000 91.91000 91.67000 91.52000 91.21000 91.01000 90.82000 90.41000 90.29000
93.31000 93.24000 93.37000 93.32000 93.20000 93.37000 93.19000 93.01000 92.93000 92.52000 92.58000 92.46000 92.10000 91.76000 91.61000 91.76000 91.20000 91.16000 90.68000 90.59000 90.18000
93.31000 93.33000 93.27000 93.22000 93.25000 93.13000 93.15000 92.90000 92.84000 92.62000 92.51000 92.33000 92.15000 91.95000 91.88000 91.65000 91.27000 91.23000 90.80000 90.45000 90.20000
93.31000 93.31000 93.23000 93.21000 93.34000 93.36000 93.03000 92.96000 92.84000 92.68000 92.54000 92.30000 92.22000 91.86000 91.63000 91.46000 91.56000 91.23000 90.60000 90.49000 90.07000
93.31000 93.34000 93.30000 93.24000 93.43000 93.04000 93.04000 93.12000 92.90000 92.92000 92.65000 92.47000 92.27000 91.89000 91.70000 91.45000 91.23000 91.13000 91.02000 90.45000 90.23000
93.31000 93.25000 93.28000 93.25000 93.22000 93.17000 93.11000 93.05000 92.89000 92.71000 92.55000 92.42000 92.18000 91.96000 91.73000 91.61000 91.35000 91.13000 90.62000 90.72000 90.20000
93.31000 93.39000 93.28000 93.24000 93.26000 93.07000 93.01000 93.01000 92.93000 92.67000 92.62000 92.24000 92.16000 92.04000 91.71000 91.60000 91.30000 91.02000 90.54000 90.57000 90.11000
93.31000 93.31000 93.31000 93.35000 93.17000 93.26000 93.00000 92.87000 92.79000 92.64000 92.53000 92.51000 92.09000 91.95000 92.01000 91.45000 91.29000 91.16000 90.57000 90.27000 90.29000
93.31000 93.34000 93.25000 93.31000 93.36000 93.20000 93.04000 92.86000 92.78000 92.55000 92.61000 92.48000 92.25000 91.97000 91.85000 91.48000 91.21000 91.14000 90.80000 90.51000 90.32000
93.31000 93.29000 93.29000 93.28000 93.36000 93.05000 93.01000 93.08000 92.81000 92.71000 92.60000 92.42000 92.28000 92.03000 91.65000 91.51000 91.31000 90.98000 91.13000 90.43000 89.90000
93.31000 93.24000 93.34000 93.28000 93.20000 93.10000 92.98000 93.08000 92.90000 92.66000 92.60000 92.29000 92.16000 91.95000 91.78000 91.58000 91.45000 91.03000 90.76000 90.61000 90.44000
93.31000 93.27000 93.32000 93.33000 93.27000 93.26000 93.06000 93.09000 92.89000 92.80000 92.59000 92.20000 92.35000 92.10000 91.75000 91.45000 91.36000 91.14000 90.64000 90.39000 90.26000
93.31000 93.36000 93.39000 93.33000 93.22000 93.13000 92.97000 92.97000 92.80000 92.75000 92.64000 92.37000 92.09000 92.04000 91.90000 91.56000 91.14000 91.06000 90.62000 90.54000 90.31000
93.31000 93.31000 93.41000 93.24000 93.24000 93.26000 93.10000 93.04000 92.84000 92.78000 92.60000 92.36000 92.23000 91.81000 92.01000 91.33000 91.10000 91.01000 90.85000 90.27000 90.57000
93.31000 93.30000 93.32000 93.43000 93.21000 93.17000 93.09000 92.90000 92.73000 92.63000 92.53000 92.25000 92.03000 92.08000 91.92000 91.74000 91.15000 91.03000 90.67000 90.47000 90.16000
93.31000 93.38000 93.31000 93.19000 93.31000 93.26000 93.03000 93.06000 92.89000 92.77000 92.71000 92.48000 92.27000 91.75000 91.73000 91.53000 91.33000 90.96000 90.76000 90.62000 90.08000
93.31000 93.33000 93.30000 93.30000 93.26000 93.18000 93.20000 93.01000 92.82000 92.69000 92.60000 92.37000 92.17000 91.92000 91.82000 91.47000 91.33000 91.32000 91.02000 90.45000 90.31000
93.31000 93.20000 93.27000 93.24000 93.21000 93.20000 93.15000 93.00000 92.81000 92.71000 92.56000 92.33000 92.24000 92.00000 91.82000 91.71000 91.23000 91.16000 90.78000 90.45000 90.23000
