0.00000 0.05000 0.10000 0.15000 0.20000 0.25000 0.30000 0.35000 0.40000 0.45000 0.50000 0.55000 0.60000 0.65000 0.70000 0.75000 0.80000 0.85000 0.90000 0.95000 1.00000
92.99000 92.92000 92.77000 92.77000 92.83000 92.84000 92.95000 92.76000 92.62000 92.23000 91.63000 90.81000 88.64000 85.99000 82.81000 78.30000 73.87000 68.72000 62.82000 57.74000 51.88000
92.99000 92.90000 92.90000 92.77000 92.97000 92.88000 92.96000 92.65000 92.60000 92.10000 91.47000 90.37000 88.41000 86.39000 82.46000 78.29000 73.71000 68.08000 63.46000 57.59000 52.31000
92.99000 92.86000 92.73000 92.86000 92.83000 92.83000 92.91000 92.73000 92.56000 92.16000 91.56000 90.62000 88.92000 86.17000 82.49000 78.72000 73.72000 68.75000 63.23000 57.28000 52.10000
92.99000 92.83000 92.89000 92.83000 92.92000 92.93000 92.96000 92.64000 92.54000 92.11000 91.56000 90.72000 88.86000 86.30000 82.89000 78.29000 73.16000 68.60000 63.10000 57.65000 51.60000
92.99000 92.68000 92.88000 92.80000 92.84000 92.85000 92.99000 92.76000 92.59000 92.27000 91.54000 90.54000 88.90000 86.01000 82.75000 78.56000 73.53000 67.81000 63.31000 57.69000 51.67000
92.99000 92.91000 92.86000 92.92000 92.85000 92.95000 92.78000 92.70000 92.67000 92.09000 91.66000 90.56000 88.88000 86.22000 82.42000 78.81000 74.02000 68.29000 63.45000 57.63000 51.62000
92.99000 92.84000 92.80000 92.92000 92.87000 92.85000 92.73000 92.79000 92.34000 92.16000 91.61000 90.58000 88.67000 86.44000 82.46000 78.58000 73.77000 68.59000 62.96000 57.76000 51.82000
92.99000 92.92000 92.81000 92.87000 92.97000 92.93000 92.84000 92.93000 92.51000 92.13000 91.58000 90.50000 88.79000 86.71000 82.64000 78.15000 73.46000 68.77000 63.42000 57.45000 51.91000
92.99000 92.82000 92.80000 92.78000 92.86000 92.92000 92.87000 92.75000 92.60000 92.31000 91.74000 90.58000 89.01000 86.33000 82.43000 78.58000 73.68000 68.99000 62.32000 58.16000 51.90000
92.99000 92.87000 92.81000 92.80000 92.95000 92.92000 92.89000 92.85000 92.52000 92.11000 91.54000 90.53000 89.16000 85.95000 82.89000 78.05000 73.33000 68.87000 63.58000 58.08000 52.55000
92.99000 92.84000 92.81000 92.85000 92.86000 93.02000 92.89000 92.80000 92.49000 92.13000 91.64000 90.58000 88.77000 85.92000 82.88000 78.39000 73.75000 68.95000 63.74000 57.43000 52.13000
92.99000 92.97000 92.87000 92.81000 92.87000 92.91000 92.82000 92.81000 92.55000 92.05000 91.57000 90.34000 88.54000 86.09000 82.60000 77.91000 73.41000 68.92000 63.25000 57.58000 51.33000
92.99000 92.95000 92.77000 92.74000 92.94000 92.82000 92.84000 92.82000 92.75000 92.23000 91.59000 90.56000 88.94000 86.23000 82.47000 78.01000 73.88000 68.43000 63.44000 57.68000 52.01000
92.99000 92.91000 92.82000 92.89000 92.94000 92.84000 92.89000 92.66000 92.59000 92.16000 91.57000 90.46000 88.82000 86.29000 82.77000 77.85000 74.21000 68.50000 63.51000 57.15000 52.14000
92.99000 93.00000 92.81000 92.87000 92.81000 92.86000 92.92000 92.84000 92.55000 92.35000 91.63000 90.67000 89.06000 86.29000 82.96000 78.25000 73.36000 68.34000 63.26000 57.67000 52.20000
92.99000 92.87000 92.88000 92.79000 92.93000 92.82000 92.97000 92.83000 92.47000 92.18000 91.61000 90.77000 88.72000 86.12000 82.74000 78.46000 73.01000 68.59000 63.48000 57.54000 52.45000
92.99000 92.88000 92.85000 92.91000 92.84000 92.86000 92.90000 92.77000 92.59000 92.17000 91.75000 90.33000 88.85000 86.23000 82.45000 78.22000 73.91000 68.26000 63.22000 57.53000 51.52000
92.99000 92.81000 92.85000 92.78000 92.79000 92.90000 92.87000 92.76000 92.70000 92.30000 91.53000 90.52000 89.22000 86.33000 82.28000 78.85000 73.58000 69.05000 63.25000 57.68000 51.76000
92.99000 92.86000 92.75000 92.90000 92.94000 92.89000 92.90000 92.78000 92.50000 92.25000 91.52000 90.43000 88.64000 86.18000 82.82000 78.10000 73.89000 68.21000 63.44000 57.56000 52.21000
92.99000 92.90000 92.77000 92.87000 93.01000 92.97000 92.83000 92.67000 92.57000 92.25000 91.47000 90.42000 88.73000 86.20000 82.92000 78.55000 73.70000 68.63000 63.10000 57.54000 51.95000
