# epoch | tr.acc. | te.acc. | tr.loss | te.loss
0.00000 88.57167 89.21000 2.21136 2.18202
1.00000 90.31333 90.67000 1.70112 1.68058
2.00000 91.03500 91.16000 1.50016 1.48831
3.00000 91.77500 91.63000 1.37248 1.36133
4.00000 91.88667 91.91000 1.28226 1.27694
5.00000 92.31833 92.05000 1.21237 1.21817
6.00000 92.68000 92.17000 1.15414 1.16136
7.00000 93.02667 92.68000 1.10876 1.12825
8.00000 93.13167 92.68000 1.06601 1.08851
9.00000 93.18000 92.54000 1.05166 1.08304
10.00000 93.39000 92.86000 1.02473 1.05309
11.00000 93.54000 92.89000 1.01218 1.04669
12.00000 93.73167 93.11000 0.98957 1.02442
13.00000 93.70667 92.83000 0.97753 1.01795
14.00000 93.76667 93.02000 0.96483 1.01105
15.00000 93.82167 93.08000 0.95971 1.00662
16.00000 93.88667 93.05000 0.94693 0.99914
17.00000 93.95833 93.21000 0.94233 0.99604
18.00000 93.97000 93.12000 0.93747 0.99248
19.00000 94.03333 93.05000 0.92860 0.99056
20.00000 93.99000 93.04000 0.91746 0.97443
21.00000 93.91333 93.00000 0.91814 0.98324
22.00000 94.05833 93.02000 0.91230 0.98267
23.00000 94.08833 93.11000 0.90726 0.97309
24.00000 93.97500 92.99000 0.90104 0.97435
25.00000 94.12333 93.12000 0.89093 0.96640
26.00000 94.15000 93.17000 0.89143 0.96720
27.00000 94.08333 92.92000 0.88540 0.96953
28.00000 94.18167 92.95000 0.88026 0.96898
29.00000 94.24500 92.97000 0.87538 0.97015
30.00000 94.20333 93.05000 0.87210 0.96828
31.00000 94.15000 93.06000 0.86628 0.96062
32.00000 94.27000 92.99000 0.86267 0.96002
33.00000 94.18833 92.97000 0.85160 0.94379
34.00000 94.23500 92.92000 0.84482 0.94492
35.00000 94.33833 93.01000 0.83079 0.92978
36.00000 94.19000 92.96000 0.82751 0.93052
37.00000 94.35833 93.09000 0.81348 0.91592
38.00000 94.42500 93.15000 0.81041 0.91285
39.00000 94.31000 93.06000 0.81010 0.91857
40.00000 94.48000 93.15000 0.80465 0.91494
41.00000 94.37667 92.97000 0.79735 0.91026
42.00000 94.47167 93.14000 0.78709 0.89846
43.00000 94.49333 92.99000 0.78827 0.90947
44.00000 94.44833 93.10000 0.78637 0.90122
45.00000 94.46667 92.95000 0.78198 0.90024
46.00000 94.37833 92.88000 0.78125 0.90298
47.00000 94.51000 93.16000 0.76907 0.89243
48.00000 94.57167 93.12000 0.77627 0.90135
49.00000 94.53500 92.99000 0.76663 0.89793
