0.00000 0.05000 0.10000 0.15000 0.20000 0.25000 0.30000 0.35000 0.40000 0.45000 0.50000 0.55000 0.60000 0.65000 0.70000 0.75000 0.80000 0.85000 0.90000 0.95000 1.00000
92.85000 92.76000 92.76000 92.73000 92.79000 92.75000 92.66000 92.53000 92.40000 92.12000 92.12000 91.70000 91.20000 90.81000 90.23000 88.95000 87.37000 84.81000 81.44000 77.22000 71.98000
92.85000 92.77000 92.73000 92.75000 92.84000 92.71000 92.61000 92.47000 92.43000 92.29000 91.97000 91.76000 91.12000 90.76000 90.09000 89.11000 87.26000 85.50000 81.86000 77.25000 72.26000
92.85000 92.72000 92.73000 92.69000 92.64000 92.67000 92.61000 92.61000 92.49000 92.14000 92.01000 91.65000 91.27000 90.81000 90.18000 89.14000 87.33000 85.05000 81.66000 77.20000 72.20000
92.85000 92.81000 92.70000 92.71000 92.66000 92.59000 92.58000 92.48000 92.41000 92.25000 91.85000 91.68000 91.27000 90.69000 89.97000 88.92000 87.54000 84.88000 81.75000 77.35000 72.11000
92.85000 92.83000 92.77000 92.72000 92.75000 92.74000 92.71000 92.51000 92.42000 92.15000 92.00000 91.66000 91.29000 90.88000 89.99000 89.30000 87.56000 85.33000 81.59000 77.29000 72.47000
92.85000 92.73000 92.65000 92.74000 92.70000 92.66000 92.71000 92.52000 92.35000 92.25000 92.15000 91.62000 91.28000 90.83000 90.14000 89.00000 87.55000 85.15000 81.17000 77.37000 72.67000
92.85000 92.78000 92.70000 92.68000 92.71000 92.66000 92.70000 92.36000 92.36000 92.18000 91.88000 91.71000 91.39000 90.90000 90.16000 89.17000 87.85000 84.95000 81.44000 78.12000 72.17000
92.85000 92.66000 92.79000 92.79000 92.76000 92.69000 92.58000 92.55000 92.37000 92.12000 92.00000 91.82000 91.44000 90.71000 90.09000 89.15000 87.58000 85.36000 81.42000 77.28000 72.14000
92.85000 92.76000 92.69000 92.61000 92.72000 92.63000 92.67000 92.54000 92.44000 92.15000 91.97000 91.56000 91.36000 91.00000 90.16000 89.36000 87.43000 84.82000 81.66000 77.43000 71.73000
92.85000 92.70000 92.71000 92.74000 92.70000 92.86000 92.45000 92.49000 92.37000 92.24000 92.07000 91.66000 91.34000 90.90000 90.10000 88.91000 87.53000 84.92000 81.89000 77.40000 71.85000
92.85000 92.72000 92.74000 92.69000 92.68000 92.53000 92.56000 92.50000 92.39000 92.12000 92.03000 91.69000 91.45000 90.90000 90.13000 88.99000 87.07000 85.27000 81.58000 77.00000 72.25000
92.85000 92.73000 92.74000 92.65000 92.73000 92.77000 92.61000 92.48000 92.49000 92.17000 91.92000 91.69000 91.53000 90.80000 90.18000 89.11000 87.45000 85.06000 81.87000 77.69000 72.27000
92.85000 92.76000 92.74000 92.59000 92.71000 92.73000 92.58000 92.48000 92.50000 92.28000 91.96000 91.73000 91.26000 90.80000 90.25000 88.86000 87.26000 84.91000 81.96000 77.32000 72.63000
92.85000 92.75000 92.76000 92.63000 92.74000 92.85000 92.62000 92.64000 92.30000 92.16000 92.10000 91.75000 91.41000 90.87000 90.02000 88.87000 87.21000 85.13000 81.62000 77.19000 72.13000
92.85000 92.68000 92.75000 92.71000 92.85000 92.75000 92.67000 92.59000 92.38000 92.18000 91.91000 91.67000 91.31000 90.84000 90.08000 89.14000 87.44000 84.90000 81.60000 77.51000 72.43000
92.85000 92.84000 92.77000 92.70000 92.61000 92.61000 92.58000 92.49000 92.34000 92.36000 91.93000 91.67000 91.31000 90.89000 90.04000 89.26000 87.61000 85.18000 81.51000 77.55000 72.60000
92.85000 92.78000 92.68000 92.64000 92.61000 92.70000 92.63000 92.54000 92.30000 92.27000 91.95000 91.60000 91.41000 90.74000 90.28000 89.20000 87.70000 85.00000 81.97000 77.29000 72.32000
92.85000 92.73000 92.69000 92.77000 92.65000 92.63000 92.63000 92.47000 92.53000 92.15000 91.99000 91.58000 91.27000 90.80000 89.98000 89.00000 87.28000 84.95000 81.74000 77.58000 72.38000
92.85000 92.70000 92.80000 92.62000 92.60000 92.71000 92.53000 92.63000 92.42000 92.01000 92.01000 91.74000 91.37000 90.78000 90.07000 89.27000 87.83000 84.99000 81.56000 77.26000 72.49000
92.85000 92.75000 92.69000 92.80000 92.67000 92.79000 92.58000 92.47000 92.31000 92.02000 91.94000 91.73000 91.34000 90.81000 90.47000 89.00000 87.47000 85.02000 81.69000 77.25000 71.82000
