0.00000 0.05000 0.10000 0.15000 0.20000 0.25000 0.30000 0.35000 0.40000 0.45000 0.50000 0.55000 0.60000 0.65000 0.70000 0.75000 0.80000 0.85000 0.90000 0.95000 1.00000
93.03000 92.79000 92.82000 92.84000 92.75000 92.74000 92.90000 92.80000 92.76000 92.82000 92.65000 92.35000 92.30000 92.02000 91.46000 91.01000 90.22000 89.53000 88.21000 86.45000 84.67000
93.03000 92.89000 92.94000 92.88000 92.74000 92.93000 92.70000 92.71000 92.77000 92.76000 92.64000 92.41000 92.35000 91.90000 91.72000 90.94000 90.34000 89.75000 88.10000 87.07000 84.32000
93.03000 92.93000 92.80000 92.85000 92.81000 92.89000 92.92000 92.74000 92.62000 92.79000 92.47000 92.59000 92.40000 91.87000 91.68000 91.09000 90.50000 89.51000 88.16000 86.59000 85.00000
93.03000 92.97000 92.88000 92.84000 92.75000 92.75000 92.74000 92.69000 92.84000 92.65000 92.58000 92.57000 92.44000 92.05000 91.66000 91.04000 90.23000 89.70000 88.05000 86.99000 84.59000
93.03000 93.03000 92.88000 92.87000 92.74000 92.86000 92.90000 92.68000 92.75000 92.75000 92.58000 92.47000 92.24000 92.01000 91.82000 91.15000 90.21000 89.46000 88.31000 86.67000 84.43000
93.03000 92.94000 92.71000 92.77000 92.81000 92.82000 92.78000 92.80000 92.63000 92.76000 92.56000 92.50000 92.38000 91.84000 91.64000 91.28000 90.38000 89.46000 88.20000 86.71000 84.67000
93.03000 92.89000 92.83000 92.88000 92.76000 92.78000 92.81000 92.72000 92.70000 92.68000 92.64000 92.43000 92.32000 92.13000 91.57000 90.90000 90.27000 89.40000 87.86000 86.44000 85.04000
93.03000 92.83000 92.78000 92.76000 92.79000 92.78000 92.80000 92.74000 92.74000 92.81000 92.67000 92.48000 92.15000 91.96000 91.66000 91.06000 90.51000 89.37000 88.49000 86.19000 84.64000
93.03000 92.88000 92.83000 92.67000 92.76000 92.82000 92.81000 92.78000 92.85000 92.85000 92.52000 92.47000 92.20000 92.02000 91.67000 91.23000 90.40000 89.43000 88.14000 86.63000 84.76000
93.03000 92.83000 92.94000 92.84000 92.72000 92.76000 92.92000 92.74000 92.81000 92.53000 92.59000 92.59000 92.32000 91.77000 91.85000 91.26000 90.67000 89.64000 88.06000 86.34000 84.62000
93.03000 92.86000 92.89000 92.82000 92.83000 92.85000 92.75000 92.75000 92.65000 92.58000 92.62000 92.56000 92.17000 92.04000 91.58000 91.14000 90.45000 89.54000 88.34000 86.48000 84.52000
93.03000 92.98000 92.90000 92.79000 92.79000 92.76000 92.78000 92.79000 92.69000 92.51000 92.53000 92.59000 92.16000 92.17000 91.65000 91.24000 90.40000 89.71000 88.39000 86.26000 84.70000
93.03000 92.94000 92.75000 92.79000 92.79000 92.76000 92.84000 92.75000 92.76000 92.65000 92.50000 92.55000 92.25000 91.89000 91.67000 91.28000 90.15000 89.37000 88.15000 86.44000 84.71000
93.03000 92.98000 92.91000 92.82000 92.80000 92.79000 92.84000 92.79000 92.77000 92.60000 92.72000 92.43000 92.38000 92.16000 91.67000 91.31000 90.50000 89.30000 87.97000 86.49000 84.16000
93.03000 92.88000 92.86000 92.82000 92.85000 92.85000 92.74000 92.73000 92.77000 92.66000 92.66000 92.43000 92.18000 91.97000 91.74000 91.11000 90.53000 89.43000 88.30000 86.48000 84.23000
93.03000 92.90000 92.90000 92.76000 92.68000 92.71000 92.74000 92.71000 92.62000 92.66000 92.66000 92.42000 92.32000 91.93000 91.77000 91.03000 90.34000 89.36000 87.95000 86.80000 84.34000
93.03000 92.82000 92.89000 92.83000 92.79000 92.89000 92.72000 92.77000 92.73000 92.75000 92.64000 92.45000 92.22000 92.00000 91.51000 91.18000 90.37000 89.21000 88.10000 86.67000 84.32000
93.03000 93.07000 92.81000 92.85000 92.81000 92.85000 92.66000 92.71000 92.77000 92.84000 92.65000 92.39000 92.31000 92.18000 91.78000 91.05000 90.20000 89.37000 88.34000 86.67000 84.67000
93.03000 92.92000 92.85000 92.84000 92.79000 92.71000 92.80000 92.78000 92.64000 92.70000 92.64000 92.27000 92.35000 91.97000 91.68000 91.19000 90.54000 89.43000 88.22000 86.63000 84.69000
93.03000 92.78000 92.76000 92.80000 92.70000 92.83000 92.77000 92.77000 92.77000 92.57000 92.69000 92.38000 92.20000 92.00000 91.61000 91.24000 90.42000 89.33000 88.01000 86.97000 84.96000
