0.00000 0.05000 0.10000 0.15000 0.20000 0.25000 0.30000 0.35000 0.40000 0.45000 0.50000 0.55000 0.60000 0.65000 0.70000 0.75000 0.80000 0.85000 0.90000 0.95000 1.00000
96.82000 96.73000 96.75000 96.67000 96.50000 95.64000 93.63000 88.95000 82.87000 76.83000 68.24000 57.46000 47.11000 39.18000 34.11000 30.97000 28.64000 27.45000 25.79000 24.66000 23.51000
96.82000 96.83000 96.77000 96.67000 96.61000 95.66000 93.58000 88.65000 83.17000 77.09000 68.29000 57.17000 46.60000 39.19000 33.95000 30.67000 28.57000 27.08000 25.93000 24.72000 23.26000
96.82000 96.74000 96.64000 96.73000 96.54000 95.63000 93.30000 88.62000 83.54000 77.05000 68.13000 57.16000 46.99000 39.23000 33.66000 31.02000 28.88000 27.03000 25.77000 24.88000 24.05000
96.82000 96.72000 96.80000 96.70000 96.53000 95.77000 93.60000 88.97000 83.19000 76.48000 67.97000 57.70000 47.51000 39.16000 33.99000 30.92000 28.70000 27.08000 25.92000 25.01000 23.31000
96.82000 96.82000 96.78000 96.82000 96.61000 95.81000 93.47000 88.71000 83.35000 77.07000 68.08000 58.06000 47.15000 39.12000 33.90000 30.93000 28.54000 27.10000 25.99000 24.41000 23.68000
96.82000 96.83000 96.76000 96.78000 96.51000 95.87000 93.61000 88.38000 83.37000 76.67000 67.55000 57.53000 47.21000 39.21000 33.71000 30.55000 28.58000 27.00000 25.75000 24.65000 23.52000
96.82000 96.78000 96.78000 96.69000 96.61000 95.57000 93.55000 88.74000 83.42000 76.66000 68.13000 57.53000 47.46000 38.89000 34.15000 30.74000 28.57000 27.08000 25.79000 24.93000 23.93000
96.82000 96.86000 96.77000 96.71000 96.51000 95.66000 93.59000 88.78000 83.23000 76.88000 67.75000 57.25000 47.21000 39.04000 33.94000 31.14000 28.74000 27.18000 25.67000 24.58000 23.52000
96.82000 96.79000 96.75000 96.74000 96.60000 95.69000 93.51000 88.67000 83.23000 77.16000 67.65000 57.38000 47.11000 38.94000 33.87000 30.84000 29.00000 26.91000 26.00000 24.69000 23.54000
96.82000 96.79000 96.70000 96.74000 96.55000 95.66000 93.53000 88.81000 83.55000 76.78000 67.89000 56.90000 47.23000 39.09000 34.00000 30.96000 28.68000 27.34000 25.70000 24.67000 23.41000
96.82000 96.76000 96.76000 96.80000 96.57000 95.72000 93.59000 89.04000 83.26000 76.76000 67.90000 57.52000 47.05000 39.24000 33.87000 30.75000 28.60000 27.10000 25.87000 24.75000 23.54000
96.82000 96.81000 96.79000 96.72000 96.55000 95.73000 93.57000 88.81000 83.20000 76.41000 68.55000 57.50000 47.14000 38.89000 33.54000 30.75000 28.51000 27.16000 25.73000 24.49000 23.45000
96.82000 96.79000 96.74000 96.66000 96.49000 95.76000 93.54000 88.68000 83.29000 77.02000 68.41000 57.44000 47.39000 39.18000 34.02000 30.79000 28.71000 27.00000 25.49000 24.75000 23.50000
96.82000 96.77000 96.81000 96.73000 96.50000 95.63000 93.59000 88.67000 82.91000 76.95000 67.70000 57.73000 47.04000 38.93000 34.27000 30.80000 28.67000 26.87000 25.75000 24.66000 23.57000
96.82000 96.73000 96.68000 96.73000 96.54000 95.63000 93.64000 88.73000 83.15000 76.76000 68.14000 57.34000 47.03000 39.37000 33.80000 30.78000 28.78000 26.70000 25.82000 24.80000 23.46000
96.82000 96.80000 96.80000 96.67000 96.50000 95.86000 93.62000 88.50000 83.57000 77.25000 67.62000 57.78000 47.12000 39.48000 34.28000 30.72000 28.57000 26.82000 26.03000 25.08000 23.48000
96.82000 96.79000 96.69000 96.70000 96.47000 95.71000 93.52000 88.92000 83.27000 77.03000 67.76000 57.48000 46.61000 39.32000 33.83000 30.75000 28.33000 27.17000 25.83000 24.64000 23.48000
96.82000 96.75000 96.76000 96.77000 96.48000 95.83000 93.59000 88.85000 83.30000 76.64000 68.26000 57.49000 46.98000 38.89000 34.08000 31.05000 28.41000 26.90000 25.84000 24.58000 23.55000
96.82000 96.76000 96.75000 96.78000 96.58000 95.74000 93.75000 88.84000 83.34000 76.80000 68.00000 57.07000 46.71000 39.12000 33.88000 31.37000 28.62000 27.14000 25.70000 24.41000 23.50000
96.82000 96.73000 96.67000 96.79000 96.59000 95.84000 93.77000 88.81000 83.24000 76.80000 67.79000 57.54000 47.01000 39.60000 33.47000 30.66000 28.82000 27.27000 25.99000 24.71000 23.51000
