# epoch | tr.acc. | te.acc. | tr.loss | te.loss
0.00000 93.60333 93.64000 1.24924 1.24024
1.00000 94.92667 94.64000 0.95088 0.96906
2.00000 95.87500 95.41000 0.80653 0.83658
3.00000 96.24333 95.69000 0.72195 0.76984
4.00000 96.73167 95.82000 0.67761 0.73518
5.00000 97.01167 96.21000 0.62805 0.68929
6.00000 97.27167 96.45000 0.59177 0.66348
7.00000 97.45500 96.56000 0.56803 0.65005
8.00000 97.56167 96.63000 0.55864 0.65326
9.00000 97.73333 96.68000 0.52457 0.62396
10.00000 97.81833 96.82000 0.50610 0.61090
11.00000 97.92333 96.88000 0.49650 0.60900
12.00000 97.97500 96.89000 0.48315 0.60726
13.00000 98.12500 97.01000 0.46739 0.59790
14.00000 98.11667 96.94000 0.46304 0.59956
15.00000 98.20833 97.01000 0.46204 0.60147
16.00000 98.31000 97.04000 0.44684 0.59019
17.00000 98.33333 97.12000 0.43936 0.59306
18.00000 98.41333 97.14000 0.43240 0.59512
19.00000 98.46167 97.07000 0.43304 0.59923
20.00000 98.44167 97.11000 0.41904 0.58956
21.00000 98.58500 97.16000 0.41182 0.58842
22.00000 98.55500 97.10000 0.40765 0.58871
23.00000 98.62000 97.11000 0.40131 0.58449
24.00000 98.63500 97.03000 0.39556 0.58265
25.00000 98.72500 97.05000 0.39513 0.59059
26.00000 98.66500 97.12000 0.38449 0.58209
27.00000 98.71667 97.03000 0.38226 0.58086
28.00000 98.80333 97.05000 0.38239 0.58899
29.00000 98.79667 97.01000 0.38130 0.59474
30.00000 98.83500 96.99000 0.37104 0.58841
31.00000 98.82333 96.99000 0.36985 0.58569
32.00000 98.84500 97.04000 0.35771 0.57719
33.00000 98.88000 96.99000 0.36039 0.58503
34.00000 98.87000 96.96000 0.35827 0.58183
35.00000 98.92500 96.86000 0.35402 0.58482
36.00000 98.96333 97.01000 0.34813 0.57818
37.00000 98.99000 97.05000 0.34903 0.58603
38.00000 98.99167 96.90000 0.34316 0.58736
39.00000 98.97500 96.92000 0.34328 0.58534
40.00000 99.01333 96.84000 0.33869 0.58562
41.00000 99.01667 96.92000 0.33460 0.58264
42.00000 99.05167 96.95000 0.33923 0.59315
43.00000 99.04333 96.89000 0.33671 0.59009
44.00000 99.09667 96.94000 0.33115 0.59309
45.00000 99.02833 96.74000 0.33911 0.59712
46.00000 99.07500 96.91000 0.33038 0.59179
47.00000 99.10333 96.88000 0.32090 0.58846
48.00000 99.06500 96.69000 0.31921 0.59515
49.00000 99.10500 96.82000 0.31795 0.59538
