0.00000 0.05000 0.10000 0.15000 0.20000 0.25000 0.30000 0.35000 0.40000 0.45000 0.50000 0.55000 0.60000 0.65000 0.70000 0.75000 0.80000 0.85000 0.90000 0.95000 1.00000
92.85000 92.72000 92.77000 92.65000 92.77000 92.71000 92.67000 92.74000 92.74000 92.55000 92.56000 92.25000 92.03000 91.52000 91.16000 90.63000 89.99000 88.68000 87.60000 85.72000 83.91000
92.85000 92.72000 92.70000 92.72000 92.75000 92.80000 92.76000 92.67000 92.65000 92.62000 92.40000 92.20000 92.00000 91.78000 91.42000 90.46000 89.75000 88.74000 87.40000 85.44000 83.98000
92.85000 92.74000 92.73000 92.71000 92.79000 92.76000 92.76000 92.73000 92.75000 92.52000 92.30000 92.10000 92.08000 91.69000 91.22000 90.70000 89.86000 88.92000 87.64000 85.90000 83.90000
92.85000 92.81000 92.62000 92.72000 92.78000 92.58000 92.73000 92.66000 92.65000 92.49000 92.34000 92.32000 91.88000 91.88000 91.14000 90.65000 89.91000 88.52000 87.39000 85.39000 83.59000
92.85000 92.69000 92.62000 92.79000 92.72000 92.71000 92.82000 92.77000 92.49000 92.55000 92.31000 92.33000 92.12000 91.73000 91.50000 90.51000 89.83000 88.95000 87.14000 85.85000 83.49000
92.85000 92.75000 92.75000 92.79000 92.74000 92.70000 92.72000 92.66000 92.66000 92.51000 92.41000 92.17000 92.04000 91.70000 91.34000 90.77000 89.76000 88.72000 87.47000 85.98000 83.91000
92.85000 92.85000 92.72000 92.76000 92.75000 92.73000 92.77000 92.73000 92.71000 92.67000 92.42000 92.08000 92.04000 91.67000 91.12000 90.63000 89.79000 88.79000 87.42000 85.83000 83.29000
92.85000 92.79000 92.71000 92.67000 92.81000 92.72000 92.76000 92.74000 92.64000 92.55000 92.45000 92.32000 92.08000 91.86000 91.45000 90.45000 89.91000 88.49000 87.07000 85.75000 83.49000
92.85000 92.78000 92.78000 92.77000 92.70000 92.73000 92.67000 92.80000 92.65000 92.55000 92.52000 92.18000 92.01000 91.82000 91.17000 90.72000 89.81000 89.01000 87.12000 85.51000 83.78000
92.85000 92.77000 92.78000 92.77000 92.74000 92.70000 92.77000 92.70000 92.72000 92.60000 92.42000 92.31000 92.07000 91.65000 91.19000 90.70000 89.68000 88.85000 87.25000 85.92000 83.38000
92.85000 92.76000 92.74000 92.73000 92.71000 92.80000 92.80000 92.78000 92.63000 92.56000 92.33000 92.25000 92.05000 91.64000 91.22000 90.75000 89.70000 88.75000 87.44000 85.90000 83.31000
92.85000 92.73000 92.76000 92.66000 92.75000 92.71000 92.76000 92.75000 92.58000 92.46000 92.50000 92.31000 92.01000 91.69000 91.28000 90.85000 89.81000 88.55000 87.30000 86.10000 83.64000
92.85000 92.76000 92.77000 92.80000 92.75000 92.64000 92.74000 92.72000 92.58000 92.56000 92.48000 92.26000 91.96000 91.71000 91.41000 90.64000 89.57000 88.89000 87.68000 85.95000 83.60000
92.85000 92.74000 92.75000 92.76000 92.67000 92.72000 92.72000 92.67000 92.74000 92.48000 92.43000 92.21000 91.97000 91.71000 91.32000 90.54000 89.88000 88.64000 87.22000 85.61000 83.70000
92.85000 92.76000 92.73000 92.62000 92.84000 92.74000 92.70000 92.82000 92.66000 92.54000 92.40000 92.23000 92.10000 91.72000 91.28000 90.57000 89.78000 88.80000 87.39000 85.20000 83.64000
92.85000 92.80000 92.81000 92.73000 92.68000 92.70000 92.87000 92.68000 92.69000 92.59000 92.61000 92.35000 92.02000 91.55000 91.44000 90.75000 89.88000 88.88000 87.53000 85.81000 83.44000
92.85000 92.74000 92.69000 92.62000 92.71000 92.70000 92.82000 92.75000 92.73000 92.50000 92.35000 92.30000 92.04000 91.76000 91.26000 90.40000 90.05000 88.70000 87.30000 85.76000 83.73000
92.85000 92.82000 92.70000 92.78000 92.75000 92.81000 92.73000 92.78000 92.57000 92.58000 92.39000 92.19000 92.17000 91.78000 91.39000 90.84000 89.70000 88.60000 87.49000 85.60000 83.37000
92.85000 92.69000 92.78000 92.73000 92.70000 92.69000 92.72000 92.73000 92.58000 92.70000 92.44000 92.32000 91.93000 91.66000 91.16000 90.99000 89.92000 88.92000 87.39000 85.52000 83.76000
92.85000 92.75000 92.77000 92.72000 92.68000 92.68000 92.75000 92.53000 92.58000 92.74000 92.36000 92.30000 92.07000 91.75000 91.15000 90.62000 89.69000 88.78000 87.15000 85.57000 83.70000
