# epoch | tr.acc. | te.acc. | tr.loss | te.loss
0.00000 88.04667 88.47000 2.39088 2.36289
1.00000 89.83167 89.52000 1.94423 1.93677
2.00000 90.64333 90.27000 1.71001 1.71526
3.00000 91.09667 90.59000 1.57523 1.58677
4.00000 91.34167 90.92000 1.46786 1.47778
5.00000 91.66667 91.34000 1.36441 1.37968
6.00000 91.98500 91.57000 1.28189 1.29859
7.00000 92.23000 91.85000 1.22412 1.24768
8.00000 92.39667 91.77000 1.16462 1.18845
9.00000 92.64500 92.23000 1.11487 1.13909
10.00000 92.79833 92.29000 1.07855 1.09850
11.00000 92.93667 92.34000 1.04260 1.06634
12.00000 93.05000 92.56000 1.01323 1.03917
13.00000 93.08333 92.58000 0.99169 1.02119
14.00000 93.00167 92.45000 0.97961 1.00920
15.00000 93.35667 92.81000 0.94825 0.98795
16.00000 93.47500 92.85000 0.92871 0.97757
17.00000 93.49667 93.03000 0.91250 0.95319
18.00000 93.54500 92.92000 0.90080 0.95093
19.00000 93.60833 92.94000 0.89572 0.94575
20.00000 93.41000 92.80000 0.88982 0.93906
21.00000 93.65167 92.86000 0.87201 0.93014
22.00000 93.76333 92.88000 0.86711 0.93595
23.00000 93.66333 92.91000 0.85636 0.92019
24.00000 93.84167 92.94000 0.85494 0.92849
25.00000 93.76833 92.88000 0.84974 0.92465
26.00000 93.80333 92.94000 0.84981 0.93147
27.00000 93.90500 92.99000 0.83190 0.91481
28.00000 93.78333 92.85000 0.83822 0.91724
29.00000 93.94333 92.99000 0.82516 0.91166
30.00000 93.94667 92.96000 0.83161 0.92306
31.00000 94.08667 92.95000 0.81601 0.91188
32.00000 94.04500 92.91000 0.81248 0.91403
33.00000 93.97000 92.93000 0.81420 0.91263
34.00000 94.06000 92.90000 0.80975 0.91401
35.00000 94.02333 92.92000 0.81153 0.91247
36.00000 94.02500 92.87000 0.80570 0.91399
37.00000 94.03333 92.88000 0.80092 0.90736
38.00000 94.14833 92.83000 0.79723 0.91318
39.00000 94.15833 92.84000 0.79360 0.90875
40.00000 94.13333 92.79000 0.79486 0.90916
41.00000 94.15000 92.81000 0.79133 0.90982
42.00000 94.17167 93.07000 0.79260 0.91132
43.00000 94.17667 92.89000 0.78673 0.90882
44.00000 94.17000 92.89000 0.78467 0.90988
45.00000 94.27667 92.85000 0.78621 0.91576
46.00000 94.25167 92.89000 0.78115 0.91266
47.00000 94.32000 92.99000 0.77827 0.91244
48.00000 94.24833 92.93000 0.77793 0.91039
49.00000 94.19833 92.85000 0.78045 0.91586
