0.00000 0.05000 0.10000 0.15000 0.20000 0.25000 0.30000 0.35000 0.40000 0.45000 0.50000 0.55000 0.60000 0.65000 0.70000 0.75000 0.80000 0.85000 0.90000 0.95000 1.00000
93.03000 92.89000 92.77000 92.78000 92.86000 92.69000 92.78000 92.72000 92.70000 92.48000 92.52000 92.20000 91.52000 91.21000 90.54000 89.28000 88.11000 85.66000 82.70000 78.48000 72.99000
93.03000 92.83000 92.79000 92.71000 92.71000 92.81000 92.80000 92.75000 92.62000 92.44000 92.41000 92.05000 91.57000 90.99000 90.41000 89.04000 87.89000 85.30000 82.53000 78.48000 73.52000
93.03000 93.02000 92.83000 92.81000 92.88000 92.74000 92.66000 92.71000 92.65000 92.57000 92.43000 91.98000 91.65000 91.01000 90.23000 89.46000 87.97000 85.20000 82.78000 78.39000 73.30000
93.03000 92.91000 92.85000 92.76000 92.83000 92.81000 92.75000 92.74000 92.71000 92.36000 92.25000 92.00000 91.57000 91.08000 90.41000 89.32000 87.79000 85.83000 83.28000 78.30000 72.83000
93.03000 92.89000 92.86000 92.79000 92.78000 92.78000 92.78000 92.62000 92.46000 92.54000 92.28000 92.10000 91.56000 91.15000 90.20000 89.37000 87.77000 85.59000 82.70000 79.02000 73.47000
93.03000 92.84000 92.80000 92.77000 92.79000 92.66000 92.75000 92.71000 92.69000 92.54000 92.20000 92.03000 91.36000 91.02000 90.28000 89.40000 87.91000 85.67000 82.70000 78.93000 73.81000
93.03000 92.84000 92.78000 92.84000 92.74000 92.92000 92.80000 92.77000 92.65000 92.33000 92.42000 92.07000 91.63000 91.19000 90.41000 89.24000 88.01000 85.49000 82.14000 78.66000 73.78000
93.03000 92.86000 92.79000 92.79000 92.80000 92.88000 92.73000 92.80000 92.71000 92.56000 92.25000 92.03000 91.70000 90.95000 90.28000 89.39000 87.72000 85.52000 82.93000 78.33000 74.49000
93.03000 92.89000 92.85000 92.81000 92.87000 92.92000 92.84000 92.77000 92.70000 92.48000 92.15000 92.11000 91.61000 90.99000 90.53000 89.51000 88.13000 85.76000 82.64000 78.53000 73.59000
93.03000 92.87000 92.89000 92.86000 92.86000 92.92000 92.84000 92.72000 92.92000 92.60000 92.29000 91.98000 91.55000 91.10000 90.59000 89.27000 88.03000 85.70000 82.54000 79.11000 74.45000
93.03000 92.84000 92.83000 92.85000 92.81000 92.75000 92.66000 92.68000 92.58000 92.53000 92.42000 92.01000 91.50000 91.34000 90.30000 89.63000 87.93000 85.41000 82.48000 78.78000 73.53000
93.03000 92.83000 92.80000 92.79000 92.74000 92.77000 92.79000 92.74000 92.68000 92.43000 92.34000 91.79000 91.71000 90.91000 90.56000 89.14000 87.89000 85.52000 82.77000 78.53000 73.95000
93.03000 92.83000 92.84000 92.71000 92.72000 92.64000 92.78000 92.75000 92.55000 92.41000 92.39000 92.12000 91.67000 91.01000 90.36000 89.59000 88.10000 85.57000 82.47000 78.53000 73.39000
93.03000 92.80000 92.85000 92.72000 92.81000 92.79000 92.88000 92.70000 92.58000 92.58000 92.34000 91.88000 91.50000 91.06000 90.34000 89.52000 87.95000 85.98000 82.76000 78.41000 73.88000
93.03000 92.87000 92.79000 92.88000 92.75000 92.79000 92.78000 92.81000 92.54000 92.44000 92.19000 92.18000 91.43000 91.11000 90.53000 89.36000 88.05000 85.32000 82.79000 78.44000 73.86000
93.03000 92.82000 92.79000 92.85000 92.65000 92.79000 92.82000 92.68000 92.66000 92.54000 92.19000 92.03000 91.56000 90.84000 90.52000 89.32000 87.82000 85.62000 82.75000 78.98000 73.99000
93.03000 92.86000 92.82000 92.81000 92.77000 92.81000 92.80000 92.59000 92.75000 92.63000 92.07000 92.00000 91.69000 91.33000 90.43000 89.39000 87.84000 85.39000 82.86000 78.25000 73.75000
93.03000 92.89000 92.83000 92.84000 92.75000 92.73000 92.80000 92.76000 92.57000 92.57000 92.28000 92.06000 91.56000 91.19000 90.39000 89.13000 87.66000 85.63000 82.19000 78.63000 74.31000
93.03000 92.89000 92.82000 92.90000 92.79000 92.84000 92.73000 92.76000 92.52000 92.40000 92.24000 92.08000 91.62000 91.11000 90.28000 89.48000 87.88000 85.50000 82.54000 78.71000 73.74000
93.03000 92.82000 92.86000 92.82000 92.78000 92.90000 92.72000 92.75000 92.50000 92.71000 92.21000 92.00000 91.83000 91.01000 90.37000 89.29000 88.08000 85.71000 82.10000 78.75000 73.70000
