0.00000 0.05000 0.10000 0.15000 0.20000 0.25000 0.30000 0.35000 0.40000 0.45000 0.50000 0.55000 0.60000 0.65000 0.70000 0.75000 0.80000 0.85000 0.90000 0.95000 1.00000
96.63000 96.57000 96.56000 96.55000 96.47000 96.46000 96.22000 95.82000 94.45000 91.52000 85.21000 77.17000 68.24000 57.39000 47.43000 37.66000 30.96000 25.39000 22.58000 19.50000 17.33000
96.63000 96.56000 96.53000 96.52000 96.52000 96.39000 96.28000 95.71000 94.33000 91.57000 85.29000 77.90000 68.11000 57.63000 47.01000 38.54000 30.09000 25.35000 21.84000 19.73000 17.41000
96.63000 96.47000 96.55000 96.53000 96.55000 96.37000 96.12000 95.57000 94.25000 91.06000 85.41000 77.60000 67.87000 57.82000 46.75000 38.17000 30.63000 25.64000 22.11000 19.64000 17.93000
96.63000 96.55000 96.48000 96.58000 96.52000 96.32000 96.14000 95.65000 94.28000 91.56000 85.68000 77.28000 68.26000 57.40000 47.29000 37.90000 30.63000 25.52000 21.65000 19.08000 17.47000
96.63000 96.54000 96.52000 96.49000 96.50000 96.43000 96.13000 95.81000 94.41000 91.31000 85.83000 77.23000 68.03000 58.18000 47.04000 38.27000 30.32000 25.52000 22.10000 18.96000 17.72000
96.63000 96.54000 96.44000 96.48000 96.53000 96.52000 96.27000 95.75000 94.51000 91.47000 85.29000 77.10000 67.45000 58.27000 47.38000 37.57000 30.58000 25.51000 22.16000 19.30000 17.42000
96.63000 96.59000 96.52000 96.53000 96.41000 96.40000 96.05000 95.61000 94.32000 91.34000 86.11000 77.12000 68.27000 57.77000 47.39000 37.93000 30.49000 25.21000 21.79000 19.26000 17.46000
96.63000 96.53000 96.51000 96.53000 96.59000 96.34000 96.14000 95.54000 94.47000 91.13000 85.70000 77.13000 68.03000 57.54000 47.27000 37.61000 30.48000 25.52000 22.25000 19.28000 17.56000
96.63000 96.52000 96.54000 96.56000 96.48000 96.40000 96.12000 95.51000 94.65000 91.28000 85.78000 77.62000 68.32000 58.16000 47.38000 37.81000 31.14000 25.82000 21.82000 19.98000 17.62000
96.63000 96.56000 96.51000 96.49000 96.53000 96.40000 96.07000 95.56000 94.41000 91.49000 85.60000 77.10000 67.77000 57.73000 47.28000 37.11000 30.77000 25.37000 21.77000 19.31000 17.71000
96.63000 96.57000 96.53000 96.51000 96.46000 96.33000 96.24000 95.56000 94.45000 91.35000 85.64000 77.30000 68.09000 57.07000 47.04000 37.44000 30.64000 25.18000 22.25000 18.96000 17.50000
96.63000 96.57000 96.47000 96.53000 96.42000 96.52000 96.16000 95.61000 94.44000 91.16000 85.91000 77.19000 67.24000 57.96000 46.49000 38.40000 31.17000 25.31000 22.06000 19.28000 17.57000
96.63000 96.53000 96.46000 96.55000 96.54000 96.38000 96.17000 95.65000 94.42000 91.30000 85.74000 77.64000 68.21000 57.64000 47.36000 37.65000 30.96000 25.27000 21.99000 19.29000 17.45000
96.63000 96.54000 96.55000 96.49000 96.55000 96.39000 96.16000 95.70000 94.45000 91.41000 85.26000 77.30000 67.64000 57.84000 46.85000 37.73000 30.63000 25.50000 21.52000 19.48000 17.08000
96.63000 96.56000 96.44000 96.50000 96.57000 96.51000 96.15000 95.68000 94.36000 91.27000 85.58000 77.57000 68.07000 58.21000 46.44000 37.98000 30.50000 25.62000 22.34000 19.15000 17.45000
96.63000 96.53000 96.48000 96.55000 96.52000 96.43000 96.10000 95.61000 94.51000 91.59000 85.46000 77.50000 67.93000 57.37000 47.73000 38.35000 31.48000 25.49000 22.17000 19.27000 17.68000
96.63000 96.53000 96.45000 96.52000 96.42000 96.51000 96.18000 95.52000 94.45000 91.55000 85.42000 77.65000 67.74000 58.22000 46.77000 37.91000 30.23000 25.56000 21.83000 19.55000 17.66000
96.63000 96.50000 96.47000 96.60000 96.56000 96.50000 96.12000 95.71000 94.40000 91.52000 85.65000 77.35000 68.32000 57.73000 46.93000 37.77000 30.97000 25.62000 21.74000 18.93000 17.46000
96.63000 96.54000 96.64000 96.49000 96.53000 96.44000 96.20000 95.63000 94.56000 91.26000 85.34000 77.36000 67.84000 57.51000 47.06000 38.56000 30.61000 25.69000 22.13000 19.67000 17.49000
96.63000 96.52000 96.55000 96.46000 96.49000 96.44000 96.19000 95.55000 94.35000 91.40000 85.55000 76.91000 67.92000 57.67000 47.47000 37.87000 30.76000 25.24000 21.65000 19.47000 17.61000
