0.00000 0.05000 0.10000 0.15000 0.20000 0.25000 0.30000 0.35000 0.40000 0.45000 0.50000 0.55000 0.60000 0.65000 0.70000 0.75000 0.80000 0.85000 0.90000 0.95000 1.00000
92.97000 92.74000 92.74000 92.66000 92.75000 92.75000 92.59000 92.66000 92.62000 92.64000 92.35000 92.11000 92.01000 91.49000 90.67000 89.72000 88.21000 86.82000 84.68000 82.38000 79.66000
92.97000 92.77000 92.81000 92.67000 92.65000 92.68000 92.62000 92.73000 92.60000 92.49000 92.33000 92.11000 91.71000 91.23000 90.56000 89.67000 88.19000 86.55000 84.48000 81.75000 79.04000
92.97000 92.79000 92.68000 92.67000 92.70000 92.72000 92.75000 92.58000 92.45000 92.53000 92.25000 92.12000 91.71000 91.31000 90.64000 89.69000 88.70000 86.78000 84.70000 81.99000 79.25000
92.97000 92.73000 92.74000 92.67000 92.73000 92.76000 92.73000 92.54000 92.60000 92.61000 92.36000 92.05000 91.77000 91.38000 90.65000 89.72000 88.40000 86.71000 84.89000 81.87000 79.52000
92.97000 92.75000 92.71000 92.78000 92.74000 92.73000 92.77000 92.68000 92.72000 92.53000 92.35000 92.13000 91.83000 91.34000 90.63000 89.69000 88.60000 86.70000 84.80000 81.65000 79.13000
92.97000 92.74000 92.67000 92.68000 92.71000 92.75000 92.66000 92.65000 92.58000 92.51000 92.40000 92.15000 91.72000 91.01000 90.64000 89.65000 88.29000 86.45000 84.67000 82.18000 79.38000
92.97000 92.72000 92.76000 92.65000 92.78000 92.70000 92.71000 92.52000 92.57000 92.52000 92.47000 92.08000 91.80000 91.33000 90.55000 89.78000 88.29000 86.88000 84.87000 82.26000 78.50000
92.97000 92.81000 92.65000 92.84000 92.77000 92.65000 92.71000 92.77000 92.66000 92.49000 92.33000 92.27000 91.71000 91.32000 90.61000 89.68000 88.13000 86.93000 84.75000 82.29000 79.14000
92.97000 92.70000 92.83000 92.73000 92.72000 92.69000 92.73000 92.57000 92.58000 92.53000 92.38000 92.17000 91.87000 91.58000 90.52000 89.77000 88.19000 86.48000 84.43000 82.21000 79.21000
92.97000 92.73000 92.73000 92.71000 92.72000 92.75000 92.71000 92.68000 92.59000 92.55000 92.37000 91.99000 91.82000 91.31000 90.33000 89.65000 88.12000 86.81000 84.53000 82.28000 79.78000
92.97000 92.79000 92.69000 92.71000 92.72000 92.73000 92.67000 92.60000 92.61000 92.48000 92.33000 92.05000 91.80000 91.51000 90.59000 90.02000 88.42000 86.23000 84.40000 81.87000 79.47000
92.97000 92.75000 92.61000 92.75000 92.73000 92.78000 92.75000 92.62000 92.59000 92.41000 92.37000 91.98000 92.01000 91.31000 90.74000 89.75000 88.41000 86.40000 84.63000 82.24000 79.26000
92.97000 92.75000 92.80000 92.77000 92.65000 92.70000 92.75000 92.60000 92.50000 92.46000 92.32000 92.21000 91.72000 91.26000 90.75000 89.64000 88.10000 86.80000 84.82000 82.01000 79.65000
92.97000 92.76000 92.69000 92.82000 92.76000 92.90000 92.75000 92.70000 92.58000 92.46000 92.29000 92.14000 91.84000 91.44000 90.62000 89.68000 88.33000 86.80000 84.57000 82.22000 78.93000
92.97000 92.75000 92.74000 92.79000 92.79000 92.70000 92.61000 92.69000 92.58000 92.52000 92.28000 92.12000 92.03000 91.22000 90.41000 89.14000 88.20000 86.88000 84.63000 82.34000 79.24000
92.97000 92.76000 92.73000 92.73000 92.76000 92.75000 92.58000 92.72000 92.59000 92.38000 92.42000 92.12000 91.79000 91.39000 90.65000 89.50000 88.21000 86.80000 84.45000 81.63000 79.55000
92.97000 92.81000 92.68000 92.72000 92.74000 92.70000 92.68000 92.62000 92.64000 92.41000 92.46000 92.11000 91.89000 91.44000 90.34000 89.59000 88.11000 87.11000 84.86000 82.02000 79.13000
92.97000 92.80000 92.73000 92.69000 92.73000 92.76000 92.69000 92.53000 92.55000 92.54000 92.43000 92.11000 91.77000 91.47000 90.63000 89.75000 88.26000 86.66000 84.40000 82.30000 79.14000
92.97000 92.75000 92.69000 92.79000 92.66000 92.72000 92.78000 92.63000 92.51000 92.45000 92.46000 92.30000 91.80000 91.35000 90.92000 89.82000 88.44000 86.93000 84.84000 82.60000 78.63000
92.97000 92.75000 92.76000 92.75000 92.70000 92.81000 92.65000 92.72000 92.65000 92.44000 92.27000 92.13000 91.73000 91.24000 90.62000 89.43000 88.33000 86.87000 84.75000 81.91000 79.45000
