# epoch | tr.acc. | te.acc. | tr.loss | te.loss
0.00000 86.44500 87.27000 2.63864 2.60455
1.00000 90.14000 90.29000 1.94680 1.92173
2.00000 90.87833 91.02000 1.68474 1.67458
3.00000 91.83000 91.76000 1.48162 1.47622
4.00000 92.18667 92.04000 1.37634 1.37170
5.00000 92.42333 92.37000 1.30578 1.31074
6.00000 92.51500 92.61000 1.25141 1.25538
7.00000 92.65167 92.72000 1.21625 1.22295
8.00000 92.82167 92.80000 1.17896 1.18827
9.00000 92.97833 92.88000 1.12677 1.14006
10.00000 93.14333 92.66000 1.08797 1.11073
11.00000 93.21000 92.90000 1.06534 1.08963
12.00000 93.28500 92.95000 1.04231 1.07153
13.00000 93.42333 92.89000 1.02955 1.05893
14.00000 93.40667 92.86000 1.01526 1.04605
15.00000 93.49000 92.88000 0.99360 1.03754
16.00000 93.62000 92.85000 0.97995 1.02843
17.00000 93.72667 92.75000 0.96684 1.02423
18.00000 93.76667 92.83000 0.95522 1.01014
19.00000 93.83833 93.09000 0.94454 1.00315
20.00000 93.94000 93.16000 0.93861 1.00016
21.00000 93.99000 93.09000 0.93285 1.00159
22.00000 93.99500 92.92000 0.92061 0.99310
23.00000 93.98000 93.01000 0.91634 0.99049
24.00000 94.06000 92.95000 0.91268 0.99465
25.00000 94.11000 92.88000 0.90869 0.99669
26.00000 94.10667 92.87000 0.90235 0.98752
27.00000 94.20667 93.12000 0.89339 0.98303
28.00000 94.21833 92.93000 0.90573 1.00281
29.00000 94.26667 93.01000 0.88285 0.97518
30.00000 94.25833 92.93000 0.88393 0.98216
31.00000 94.29167 92.91000 0.87966 0.98107
32.00000 94.33500 92.96000 0.87326 0.97953
33.00000 94.30000 92.90000 0.87112 0.97401
34.00000 94.25667 93.01000 0.87472 0.97462
35.00000 94.37000 92.88000 0.86251 0.96827
36.00000 94.41667 92.96000 0.85515 0.96002
37.00000 94.39000 93.01000 0.84995 0.95966
38.00000 94.40500 92.94000 0.84759 0.95717
39.00000 94.25833 92.79000 0.83666 0.94705
40.00000 94.36333 93.04000 0.82633 0.94270
41.00000 94.35500 92.86000 0.82402 0.94562
42.00000 94.41000 92.82000 0.82330 0.94835
43.00000 94.51667 92.88000 0.81678 0.94279
44.00000 94.42167 92.95000 0.81349 0.93381
45.00000 94.48167 92.95000 0.80521 0.93111
46.00000 94.48167 93.06000 0.80651 0.92974
47.00000 94.49500 93.07000 0.80066 0.92341
48.00000 94.55500 92.98000 0.79277 0.92302
49.00000 94.53333 92.97000 0.79479 0.92808
