0.00000 0.05000 0.10000 0.15000 0.20000 0.25000 0.30000 0.35000 0.40000 0.45000 0.50000 0.55000 0.60000 0.65000 0.70000 0.75000 0.80000 0.85000 0.90000 0.95000 1.00000
93.40000 93.51000 93.60000 93.72000 93.57000 93.30000 93.17000 92.73000 92.86000 92.69000 92.32000 92.11000 91.87000 91.73000 90.86000 90.93000 90.24000 90.12000 89.71000 89.24000 88.49000
93.40000 93.63000 93.61000 93.44000 93.62000 93.42000 93.21000 93.01000 92.91000 92.65000 92.54000 92.38000 91.72000 91.48000 91.14000 90.99000 90.43000 90.10000 89.52000 89.34000 88.70000
93.40000 93.58000 93.48000 93.45000 93.48000 93.41000 93.23000 93.02000 92.88000 92.67000 92.33000 92.30000 91.86000 91.60000 91.46000 90.82000 90.73000 89.94000 89.71000 88.96000 88.65000
93.40000 93.52000 93.60000 93.47000 93.43000 93.37000 93.19000 93.05000 92.80000 92.84000 92.23000 92.36000 91.83000 91.34000 91.50000 91.03000 90.53000 90.46000 89.63000 89.50000 88.68000
93.40000 93.51000 93.41000 93.48000 93.43000 93.20000 93.13000 93.05000 92.87000 92.62000 92.44000 92.27000 91.87000 91.52000 91.23000 90.88000 90.30000 90.03000 89.65000 89.18000 88.69000
93.40000 93.49000 93.68000 93.56000 93.46000 93.33000 93.14000 93.06000 92.82000 92.72000 92.55000 92.34000 91.88000 91.75000 91.09000 91.08000 90.65000 90.38000 89.82000 88.99000 88.99000
93.40000 93.59000 93.58000 93.43000 93.45000 93.34000 93.08000 92.91000 92.92000 92.70000 92.23000 92.07000 91.87000 91.52000 91.20000 90.73000 90.46000 89.89000 89.72000 89.35000 88.41000
93.40000 93.60000 93.55000 93.63000 93.46000 93.52000 93.19000 92.95000 92.88000 92.63000 92.50000 92.09000 91.87000 91.64000 91.34000 91.08000 90.57000 90.20000 89.51000 89.31000 88.61000
93.40000 93.59000 93.60000 93.49000 93.47000 93.32000 93.26000 93.28000 92.93000 92.45000 92.50000 92.05000 91.72000 91.54000 91.21000 91.07000 90.46000 90.29000 89.80000 89.25000 88.46000
93.40000 93.55000 93.55000 93.50000 93.41000 93.37000 93.06000 93.07000 92.82000 92.77000 92.54000 92.21000 91.79000 91.37000 91.41000 90.80000 90.35000 89.95000 89.32000 89.15000 88.84000
93.40000 93.49000 93.66000 93.46000 93.54000 93.17000 93.44000 93.06000 92.60000 92.70000 92.24000 92.20000 92.01000 91.47000 91.31000 90.82000 90.53000 89.90000 89.99000 89.08000 88.50000
93.40000 93.56000 93.52000 93.45000 93.46000 93.32000 93.38000 93.04000 92.96000 92.73000 92.46000 92.21000 91.92000 91.80000 91.27000 90.81000 90.45000 90.07000 89.75000 89.23000 88.49000
93.40000 93.52000 93.53000 93.62000 93.32000 93.20000 93.23000 93.15000 92.66000 92.56000 92.57000 92.27000 91.99000 91.36000 91.15000 90.69000 90.53000 90.08000 89.57000 89.09000 88.76000
93.40000 93.55000 93.62000 93.49000 93.48000 93.44000 93.21000 93.04000 92.83000 92.67000 92.62000 92.23000 91.66000 91.61000 91.21000 90.85000 90.30000 90.18000 89.62000 88.86000 88.84000
93.40000 93.56000 93.56000 93.55000 93.33000 93.24000 93.25000 92.97000 92.77000 92.48000 92.59000 91.99000 91.63000 91.63000 91.03000 90.98000 90.55000 90.18000 90.01000 88.95000 88.31000
93.40000 93.53000 93.62000 93.53000 93.42000 93.32000 93.10000 92.98000 92.92000 92.77000 92.48000 92.27000 91.81000 91.44000 91.16000 90.72000 90.40000 90.06000 89.32000 89.11000 88.79000
93.40000 93.59000 93.57000 93.54000 93.45000 93.39000 93.19000 93.03000 92.91000 92.50000 92.37000 92.15000 91.74000 91.66000 91.13000 91.03000 90.58000 89.83000 89.69000 89.39000 88.84000
93.40000 93.66000 93.54000 93.56000 93.33000 93.54000 93.21000 93.10000 92.82000 92.69000 92.31000 91.82000 91.77000 91.47000 91.29000 90.81000 90.20000 89.75000 89.88000 89.22000 88.51000
93.40000 93.58000 93.51000 93.55000 93.50000 93.48000 93.29000 93.06000 92.65000 92.68000 92.28000 92.21000 91.97000 91.82000 91.02000 90.71000 90.55000 89.94000 89.42000 89.02000 88.97000
93.40000 93.63000 93.53000 93.53000 93.49000 93.28000 93.23000 93.21000 92.94000 92.72000 92.37000 92.03000 91.72000 91.42000 91.05000 91.07000 90.49000 90.25000 89.83000 89.55000 88.71000
