0.00000 0.05000 0.10000 0.15000 0.20000 0.25000 0.30000 0.35000 0.40000 0.45000 0.50000 0.55000 0.60000 0.65000 0.70000 0.75000 0.80000 0.85000 0.90000 0.95000 1.00000
93.35000 93.29000 92.99000 93.03000 93.01000 93.06000 92.91000 92.78000 92.45000 91.92000 90.90000 89.08000 86.08000 81.91000 77.21000 72.74000 68.07000 64.64000 61.12000 57.32000 53.30000
93.35000 93.18000 93.11000 93.07000 93.04000 93.13000 92.92000 92.80000 92.37000 91.81000 90.86000 88.83000 85.94000 81.68000 77.21000 72.49000 68.15000 65.26000 61.51000 57.91000 53.12000
93.35000 93.12000 93.11000 93.10000 93.17000 93.19000 93.02000 92.92000 92.35000 91.74000 90.58000 89.06000 85.95000 82.18000 77.20000 72.36000 68.30000 64.67000 61.60000 57.32000 53.22000
93.35000 93.11000 93.12000 93.08000 92.98000 93.07000 92.90000 92.60000 92.47000 91.72000 90.88000 88.91000 86.10000 82.05000 76.90000 72.47000 68.17000 64.88000 61.28000 57.45000 53.67000
93.35000 93.14000 93.15000 93.13000 93.04000 93.08000 93.02000 92.70000 92.36000 91.62000 90.78000 88.74000 86.21000 81.90000 77.14000 72.37000 68.56000 64.29000 61.13000 57.54000 52.85000
93.35000 93.23000 93.17000 93.07000 93.09000 93.20000 92.99000 92.75000 92.45000 91.70000 90.74000 88.93000 86.34000 82.08000 77.43000 72.15000 68.10000 65.18000 61.39000 57.62000 52.59000
93.35000 93.16000 93.12000 93.04000 93.04000 93.05000 92.97000 92.70000 92.44000 91.65000 90.82000 88.96000 85.86000 81.92000 77.39000 72.47000 68.29000 65.02000 61.44000 57.78000 53.28000
93.35000 93.23000 93.13000 93.10000 93.12000 93.09000 93.12000 92.82000 92.40000 91.67000 90.77000 88.97000 86.40000 82.00000 77.20000 72.61000 68.32000 64.93000 61.32000 57.57000 53.61000
93.35000 93.14000 93.13000 93.14000 93.15000 93.05000 93.07000 92.47000 92.49000 91.43000 90.88000 89.32000 86.37000 82.06000 77.41000 72.86000 68.15000 64.59000 61.48000 57.23000 53.39000
93.35000 93.14000 93.20000 93.11000 93.20000 92.93000 92.96000 92.75000 92.41000 91.55000 90.89000 88.95000 85.90000 81.88000 77.00000 72.40000 68.54000 64.76000 61.08000 57.74000 52.98000
93.35000 93.12000 93.04000 93.10000 93.07000 93.06000 93.08000 92.73000 92.27000 91.93000 90.85000 88.88000 86.16000 82.32000 77.75000 72.25000 68.98000 64.98000 61.17000 57.44000 53.08000
93.35000 93.13000 93.09000 93.07000 93.12000 93.10000 92.96000 92.70000 92.46000 91.76000 90.74000 89.16000 86.09000 82.25000 77.26000 72.82000 68.20000 64.59000 61.71000 57.33000 53.12000
93.35000 93.16000 93.12000 93.06000 93.06000 93.01000 93.04000 92.73000 92.31000 91.94000 90.72000 88.93000 86.39000 82.16000 76.89000 72.55000 68.45000 64.89000 61.64000 57.11000 53.30000
93.35000 93.22000 93.11000 93.11000 93.19000 92.99000 92.97000 92.88000 92.38000 91.76000 90.61000 88.79000 85.73000 82.07000 77.22000 72.71000 68.72000 64.65000 61.11000 57.14000 53.33000
93.35000 93.15000 93.15000 93.06000 93.10000 93.18000 93.04000 92.78000 92.27000 91.68000 90.87000 88.93000 86.15000 82.43000 77.16000 72.65000 68.08000 64.62000 61.37000 57.55000 52.74000
93.35000 93.18000 93.04000 93.10000 93.10000 93.18000 93.06000 92.74000 92.43000 91.74000 90.56000 89.08000 86.07000 82.26000 77.44000 72.33000 68.59000 65.09000 61.61000 57.63000 53.26000
93.35000 93.14000 93.09000 93.17000 93.14000 93.11000 93.10000 92.85000 92.31000 91.74000 90.86000 88.84000 86.10000 82.10000 76.94000 72.56000 68.58000 64.50000 61.70000 58.10000 53.33000
93.35000 93.13000 93.10000 93.05000 93.10000 93.10000 93.08000 92.77000 92.40000 91.69000 90.99000 88.75000 85.87000 81.88000 77.16000 72.82000 68.21000 64.92000 61.50000 57.54000 53.01000
93.35000 93.16000 93.13000 93.09000 93.09000 93.15000 93.11000 92.79000 92.46000 91.63000 90.74000 88.77000 85.93000 81.92000 76.98000 72.77000 68.33000 65.06000 61.12000 57.49000 53.61000
93.35000 93.13000 93.15000 93.13000 93.15000 93.07000 93.05000 92.73000 92.36000 91.73000 90.70000 89.27000 86.22000 81.77000 76.84000 72.06000 68.23000 64.73000 61.51000 57.80000 53.41000
