0.00000 0.05000 0.10000 0.15000 0.20000 0.25000 0.30000 0.35000 0.40000 0.45000 0.50000 0.55000 0.60000 0.65000 0.70000 0.75000 0.80000 0.85000 0.90000 0.95000 1.00000
93.40000 93.57000 93.70000 93.67000 93.55000 93.36000 93.41000 93.21000 92.92000 92.99000 92.93000 92.53000 92.45000 92.03000 91.61000 91.76000 91.32000 91.05000 90.65000 90.68000 90.28000
93.40000 93.61000 93.61000 93.70000 93.60000 93.41000 93.28000 93.21000 93.03000 92.94000 92.78000 92.62000 92.34000 92.08000 91.92000 91.69000 91.19000 91.11000 90.68000 90.43000 90.44000
93.40000 93.53000 93.60000 93.50000 93.52000 93.45000 93.33000 93.27000 93.12000 92.93000 92.77000 92.41000 92.45000 92.15000 91.79000 91.72000 91.47000 91.07000 90.83000 90.41000 90.32000
93.40000 93.52000 93.61000 93.72000 93.49000 93.43000 93.50000 93.15000 93.13000 92.91000 92.75000 92.56000 92.48000 92.06000 92.04000 91.51000 91.39000 90.84000 90.88000 90.53000 90.21000
93.40000 93.58000 93.58000 93.65000 93.54000 93.36000 93.39000 93.26000 93.28000 92.99000 92.65000 92.61000 92.38000 92.11000 91.93000 91.61000 91.46000 91.03000 90.79000 90.44000 90.06000
93.40000 93.64000 93.75000 93.66000 93.51000 93.42000 93.30000 93.08000 93.21000 92.94000 92.71000 92.74000 92.48000 92.14000 92.02000 91.52000 91.37000 91.28000 90.72000 90.66000 90.32000
93.40000 93.64000 93.66000 93.65000 93.51000 93.47000 93.51000 93.27000 93.10000 92.91000 92.85000 92.72000 92.14000 92.03000 91.85000 91.62000 91.64000 91.09000 90.61000 90.64000 90.09000
93.40000 93.63000 93.67000 93.62000 93.53000 93.39000 93.31000 93.13000 93.22000 92.92000 92.55000 92.51000 92.48000 92.18000 91.99000 91.34000 91.67000 91.08000 90.70000 90.63000 90.14000
93.40000 93.59000 93.58000 93.66000 93.49000 93.51000 93.44000 93.12000 93.19000 92.87000 92.76000 92.47000 92.30000 92.28000 91.98000 91.65000 91.41000 91.43000 90.71000 90.40000 90.20000
93.40000 93.61000 93.64000 93.70000 93.67000 93.47000 93.37000 93.33000 93.05000 92.95000 92.87000 92.68000 92.42000 92.15000 91.89000 91.53000 91.26000 90.66000 90.62000 90.59000 90.22000
93.40000 93.58000 93.56000 93.67000 93.45000 93.48000 93.44000 93.20000 93.05000 92.93000 92.77000 92.57000 92.24000 92.10000 91.84000 91.59000 91.45000 91.09000 90.76000 90.75000 90.19000
93.40000 93.60000 93.64000 93.66000 93.50000 93.51000 93.31000 93.15000 93.08000 92.95000 92.79000 92.58000 92.46000 92.05000 91.73000 91.65000 91.41000 90.92000 90.69000 90.44000 90.21000
93.40000 93.61000 93.54000 93.52000 93.61000 93.43000 93.38000 93.37000 93.02000 92.89000 92.71000 92.66000 92.29000 92.07000 92.21000 91.55000 91.35000 91.09000 90.53000 90.73000 89.90000
93.40000 93.57000 93.68000 93.59000 93.52000 93.36000 93.38000 93.20000 93.03000 92.79000 92.93000 92.41000 92.46000 91.92000 91.88000 91.65000 91.42000 91.16000 90.66000 90.56000 90.21000
93.40000 93.61000 93.60000 93.55000 93.49000 93.51000 93.46000 93.26000 93.12000 93.01000 92.70000 92.59000 92.31000 92.02000 91.77000 91.67000 91.66000 91.16000 90.67000 90.32000 90.12000
93.40000 93.65000 93.64000 93.57000 93.63000 93.46000 93.35000 93.20000 93.15000 92.88000 92.73000 92.66000 92.46000 92.20000 91.84000 91.62000 91.41000 90.95000 90.75000 90.39000 90.29000
93.40000 93.62000 93.58000 93.62000 93.61000 93.44000 93.47000 93.19000 93.15000 92.87000 92.91000 92.46000 92.28000 92.04000 91.81000 91.70000 91.28000 91.26000 90.74000 90.33000 90.35000
93.40000 93.60000 93.68000 93.51000 93.52000 93.44000 93.36000 93.34000 93.16000 92.79000 92.77000 92.55000 92.41000 92.22000 91.92000 91.56000 91.30000 91.04000 90.82000 90.48000 90.00000
93.40000 93.65000 93.62000 93.61000 93.52000 93.60000 93.50000 93.17000 93.17000 92.93000 92.81000 92.63000 92.61000 92.19000 91.94000 91.59000 91.51000 91.04000 90.64000 90.60000 90.21000
93.40000 93.70000 93.72000 93.62000 93.49000 93.50000 93.30000 93.16000 93.22000 93.03000 92.71000 92.57000 92.24000 92.14000 91.54000 91.68000 91.25000 91.19000 90.92000 90.62000 90.03000
