# epoch | tr.acc. | te.acc. | tr.loss | te.loss
0.00000 85.76833 86.25000 2.80303 2.76496
1.00000 88.69000 88.93000 2.29964 2.26640
2.00000 89.92667 90.37000 2.02254 1.98915
3.00000 90.67333 91.02000 1.84283 1.81833
4.00000 91.19167 91.60000 1.71291 1.68928
5.00000 91.68833 91.93000 1.59729 1.57657
6.00000 91.89667 92.10000 1.50888 1.48998
7.00000 92.19833 92.22000 1.44236 1.42483
8.00000 92.45500 92.50000 1.39190 1.37929
9.00000 92.37833 92.53000 1.34518 1.33162
10.00000 92.55333 92.62000 1.31410 1.30064
11.00000 92.71833 92.86000 1.28331 1.27500
12.00000 92.81167 92.91000 1.25150 1.24243
13.00000 92.85833 92.91000 1.22971 1.22482
14.00000 92.93833 92.93000 1.20588 1.20344
15.00000 92.94333 93.05000 1.19257 1.18749
16.00000 92.98833 92.88000 1.16752 1.16364
17.00000 93.10167 93.05000 1.15170 1.14799
18.00000 93.19167 92.99000 1.13057 1.12780
19.00000 93.15500 93.00000 1.11546 1.11517
20.00000 93.21333 93.06000 1.10017 1.10125
21.00000 93.29167 93.06000 1.08849 1.08714
22.00000 93.33000 93.04000 1.07565 1.07653
23.00000 93.39000 93.12000 1.06636 1.06674
24.00000 93.38000 93.01000 1.06042 1.06487
25.00000 93.44500 93.12000 1.04636 1.05388
26.00000 93.49500 93.16000 1.03594 1.04316
27.00000 93.55500 93.22000 1.02717 1.03467
28.00000 93.55333 93.11000 1.02452 1.03379
29.00000 93.61000 93.24000 1.01244 1.02208
30.00000 93.63333 93.23000 1.01153 1.02263
31.00000 93.64167 93.37000 1.00256 1.01599
32.00000 93.69167 93.37000 0.99215 1.00518
33.00000 93.70167 93.38000 0.98487 1.00012
34.00000 93.75833 93.36000 0.98344 0.99855
35.00000 93.77333 93.36000 0.97540 0.99119
36.00000 93.75000 93.34000 0.96919 0.98709
37.00000 93.74833 93.40000 0.96416 0.98377
38.00000 93.75667 93.37000 0.96065 0.98006
39.00000 93.83167 93.31000 0.95668 0.97705
40.00000 93.88000 93.37000 0.95119 0.97567
41.00000 93.88000 93.37000 0.94668 0.96925
42.00000 93.84667 93.38000 0.93884 0.96215
43.00000 93.86167 93.37000 0.93360 0.95637
44.00000 93.90833 93.41000 0.93220 0.95682
45.00000 93.91500 93.39000 0.92686 0.95323
46.00000 93.95333 93.43000 0.92134 0.94788
47.00000 93.94333 93.45000 0.92295 0.95168
48.00000 93.89000 93.45000 0.91604 0.94410
49.00000 93.92167 93.40000 0.91419 0.94330
