0.00000 0.05000 0.10000 0.15000 0.20000 0.25000 0.30000 0.35000 0.40000 0.45000 0.50000 0.55000 0.60000 0.65000 0.70000 0.75000 0.80000 0.85000 0.90000 0.95000 1.00000
96.97000 97.06000 96.97000 97.09000 96.67000 96.43000 96.33000 96.02000 95.63000 95.44000 95.04000 94.68000 93.84000 93.23000 92.45000 91.15000 90.31000 89.30000 88.62000 87.52000 86.89000
96.97000 97.03000 97.05000 96.82000 96.74000 96.59000 96.36000 95.94000 95.65000 95.25000 94.95000 94.21000 93.57000 92.74000 92.00000 91.21000 90.41000 89.77000 88.78000 87.20000 86.76000
96.97000 97.04000 97.07000 96.88000 96.78000 96.48000 96.37000 96.02000 95.61000 95.26000 95.06000 94.25000 93.90000 92.82000 92.04000 91.29000 90.38000 89.86000 88.57000 87.97000 86.81000
96.97000 97.03000 96.99000 96.94000 96.76000 96.50000 96.32000 96.01000 95.68000 95.42000 94.89000 94.44000 93.73000 92.77000 92.15000 91.35000 90.86000 89.47000 88.40000 87.32000 86.74000
96.97000 97.15000 97.04000 96.83000 96.78000 96.67000 96.33000 95.79000 95.70000 95.36000 94.84000 94.45000 93.40000 92.75000 92.15000 91.16000 90.43000 89.24000 88.20000 87.68000 86.79000
96.97000 97.05000 97.04000 96.89000 96.67000 96.55000 96.25000 95.99000 95.84000 95.43000 94.85000 94.26000 93.60000 92.77000 92.20000 91.33000 90.01000 89.20000 88.69000 87.87000 86.37000
96.97000 97.03000 97.09000 96.93000 96.77000 96.51000 96.17000 95.94000 95.76000 95.32000 94.93000 94.35000 93.76000 92.85000 91.69000 91.19000 90.40000 89.50000 88.69000 88.08000 86.70000
96.97000 97.04000 97.01000 96.87000 96.68000 96.76000 96.31000 95.92000 95.85000 95.37000 95.06000 94.25000 93.62000 93.12000 91.89000 91.59000 90.67000 89.56000 88.91000 87.81000 86.40000
96.97000 97.06000 97.01000 96.91000 96.76000 96.50000 96.32000 96.04000 95.78000 95.45000 94.74000 94.45000 93.73000 92.80000 92.36000 91.26000 90.53000 89.78000 88.34000 87.53000 86.51000
96.97000 97.12000 97.06000 96.87000 96.65000 96.53000 96.31000 96.00000 95.79000 95.42000 94.99000 94.29000 93.71000 92.98000 92.14000 91.44000 90.23000 89.53000 88.27000 87.38000 86.74000
96.97000 97.10000 96.92000 96.91000 96.87000 96.47000 96.48000 95.94000 95.87000 95.23000 94.67000 94.11000 93.50000 92.82000 92.08000 91.22000 90.44000 89.07000 88.88000 87.81000 86.70000
96.97000 97.10000 97.12000 96.86000 96.70000 96.30000 96.50000 96.00000 95.82000 94.95000 94.59000 94.16000 93.66000 93.07000 92.32000 91.16000 90.46000 89.58000 88.30000 87.65000 86.92000
96.97000 97.03000 97.03000 96.92000 96.78000 96.56000 96.43000 96.07000 95.85000 95.46000 94.82000 94.33000 93.74000 92.52000 92.10000 91.26000 90.36000 89.65000 88.56000 87.44000 86.41000
96.97000 97.15000 96.87000 96.92000 96.73000 96.54000 96.27000 96.03000 95.56000 95.28000 94.78000 94.21000 93.57000 92.86000 92.30000 91.49000 90.59000 89.39000 88.58000 87.88000 86.68000
96.97000 97.12000 97.00000 96.94000 96.83000 96.44000 96.26000 96.04000 95.77000 95.25000 94.91000 94.28000 93.69000 93.12000 92.33000 91.45000 90.61000 89.29000 88.38000 87.77000 86.63000
96.97000 97.01000 96.97000 97.03000 96.71000 96.62000 96.31000 96.07000 95.67000 95.23000 94.76000 94.15000 93.57000 92.83000 91.89000 91.25000 90.48000 89.28000 88.69000 87.63000 86.69000
96.97000 97.06000 97.00000 96.90000 96.68000 96.49000 96.33000 96.02000 95.47000 95.24000 94.96000 94.30000 93.80000 93.12000 92.18000 91.09000 90.41000 89.62000 88.27000 87.45000 86.37000
96.97000 97.11000 96.97000 96.84000 96.62000 96.53000 96.15000 95.89000 95.73000 95.07000 94.96000 94.57000 93.63000 92.83000 92.12000 91.32000 90.52000 89.52000 88.32000 87.87000 86.51000
96.97000 97.06000 96.89000 96.84000 96.66000 96.43000 96.40000 95.96000 95.57000 95.38000 94.62000 94.41000 93.69000 92.81000 92.36000 91.33000 90.77000 89.28000 88.46000 87.59000 86.57000
96.97000 96.99000 97.01000 96.90000 96.72000 96.66000 96.31000 95.97000 95.76000 95.25000 94.98000 94.33000 94.06000 92.93000 92.06000 91.43000 90.70000 89.17000 88.54000 87.40000 86.69000
