# epoch | tr.acc. | te.acc. | tr.loss | te.loss
0.00000 86.86167 87.37000 2.63269 2.59619
1.00000 89.75167 90.09000 2.04910 2.01664
2.00000 92.00167 91.93000 1.55190 1.52674
3.00000 93.08833 93.15000 1.29161 1.27002
4.00000 93.81833 93.89000 1.13263 1.11901
5.00000 94.32167 94.37000 1.03323 1.02715
6.00000 94.69833 94.54000 0.95826 0.96059
7.00000 95.06500 94.95000 0.90148 0.91023
8.00000 95.42167 95.22000 0.85488 0.86567
9.00000 95.59333 95.18000 0.81888 0.83858
10.00000 95.86500 95.58000 0.78853 0.81031
11.00000 96.12000 95.76000 0.76533 0.79126
12.00000 96.27167 95.78000 0.73684 0.76950
13.00000 96.42333 95.87000 0.71682 0.75421
14.00000 96.50167 95.87000 0.70348 0.74314
15.00000 96.65500 96.08000 0.68186 0.72500
16.00000 96.74500 96.18000 0.67568 0.72340
17.00000 96.85833 96.21000 0.65646 0.70693
18.00000 96.96333 96.33000 0.65206 0.70352
19.00000 97.02833 96.25000 0.63786 0.69637
20.00000 97.09667 96.25000 0.61908 0.67995
21.00000 97.19167 96.37000 0.60785 0.67540
22.00000 97.32333 96.47000 0.60351 0.66851
23.00000 97.35667 96.48000 0.59401 0.66149
24.00000 97.41000 96.54000 0.59189 0.66299
25.00000 97.40500 96.52000 0.58157 0.65905
26.00000 97.55000 96.66000 0.57856 0.65615
27.00000 97.57333 96.57000 0.56712 0.64737
28.00000 97.54833 96.57000 0.55953 0.64272
29.00000 97.58500 96.54000 0.55180 0.63614
30.00000 97.63500 96.75000 0.55124 0.63464
31.00000 97.70833 96.69000 0.54451 0.63336
32.00000 97.72167 96.67000 0.53673 0.62773
33.00000 97.77000 96.80000 0.53523 0.62663
34.00000 97.81000 96.78000 0.53196 0.62741
35.00000 97.86500 96.78000 0.52142 0.61923
36.00000 97.90500 96.81000 0.52438 0.62191
37.00000 97.82000 96.69000 0.52322 0.62437
38.00000 97.94500 96.91000 0.51126 0.61508
39.00000 97.90667 96.80000 0.50998 0.61418
40.00000 97.97833 96.92000 0.50417 0.60943
41.00000 97.96833 96.75000 0.51158 0.61756
42.00000 97.99667 96.92000 0.49853 0.60676
43.00000 98.03000 96.78000 0.49705 0.60610
44.00000 98.04000 96.72000 0.49417 0.60681
45.00000 98.06333 96.79000 0.49455 0.60750
46.00000 98.06500 96.89000 0.49053 0.60462
47.00000 98.11000 97.00000 0.48515 0.60034
48.00000 98.14833 96.89000 0.49160 0.61046
49.00000 98.12500 96.97000 0.48501 0.60283
