0.00000 0.05000 0.10000 0.15000 0.20000 0.25000 0.30000 0.35000 0.40000 0.45000 0.50000 0.55000 0.60000 0.65000 0.70000 0.75000 0.80000 0.85000 0.90000 0.95000 1.00000
96.79000 96.69000 96.65000 96.65000 96.62000 96.33000 96.46000 96.46000 96.28000 96.28000 96.00000 96.23000 95.79000 95.83000 95.79000 95.71000 95.58000 95.54000 95.32000 95.18000 95.13000
96.79000 96.71000 96.71000 96.58000 96.56000 96.52000 96.45000 96.46000 96.29000 96.30000 96.15000 96.19000 95.98000 95.92000 95.80000 95.60000 95.73000 95.49000 95.22000 95.11000 94.77000
96.79000 96.65000 96.68000 96.50000 96.55000 96.45000 96.36000 96.43000 96.31000 96.13000 96.19000 95.99000 96.08000 95.85000 95.70000 95.76000 95.49000 95.43000 95.42000 95.20000 95.00000
96.79000 96.72000 96.62000 96.52000 96.48000 96.56000 96.30000 96.48000 96.18000 96.26000 96.22000 95.93000 95.91000 95.90000 95.65000 95.59000 95.61000 95.44000 95.47000 95.26000 95.02000
96.79000 96.78000 96.65000 96.69000 96.57000 96.52000 96.54000 96.32000 96.03000 96.32000 96.26000 96.04000 95.91000 95.93000 95.81000 95.70000 95.67000 95.55000 95.32000 94.91000 95.00000
96.79000 96.80000 96.65000 96.61000 96.53000 96.60000 96.47000 96.37000 96.17000 96.41000 96.14000 96.03000 95.79000 95.96000 95.84000 95.55000 95.68000 95.37000 95.51000 95.18000 94.99000
96.79000 96.64000 96.69000 96.60000 96.59000 96.53000 96.33000 96.36000 96.31000 96.19000 96.06000 96.29000 95.94000 95.78000 95.69000 95.98000 95.38000 95.40000 95.23000 95.17000 95.06000
96.79000 96.79000 96.74000 96.51000 96.64000 96.63000 96.38000 96.52000 96.33000 96.29000 96.07000 96.04000 95.99000 95.81000 95.92000 95.79000 95.86000 95.44000 95.11000 95.36000 95.21000
96.79000 96.74000 96.65000 96.51000 96.66000 96.46000 96.53000 96.30000 96.39000 96.12000 96.12000 96.19000 95.96000 95.91000 95.75000 95.82000 95.55000 95.50000 95.49000 95.39000 94.89000
96.79000 96.73000 96.62000 96.71000 96.59000 96.40000 96.52000 96.26000 96.30000 96.30000 96.33000 96.07000 96.09000 95.96000 95.82000 95.54000 95.52000 95.47000 95.43000 95.21000 95.09000
96.79000 96.75000 96.70000 96.59000 96.61000 96.62000 96.38000 96.33000 96.34000 96.17000 96.34000 95.88000 96.09000 95.88000 95.65000 95.74000 95.52000 95.42000 95.22000 95.01000 94.94000
96.79000 96.69000 96.64000 96.49000 96.43000 96.47000 96.54000 96.49000 96.16000 96.26000 96.04000 96.18000 95.86000 95.92000 95.74000 95.74000 95.57000 95.56000 95.57000 95.19000 95.01000
96.79000 96.74000 96.62000 96.60000 96.50000 96.37000 96.53000 96.29000 96.21000 96.01000 96.31000 96.12000 96.00000 95.99000 95.91000 95.68000 95.71000 95.36000 95.35000 95.27000 95.15000
96.79000 96.75000 96.73000 96.67000 96.67000 96.39000 96.51000 96.42000 96.31000 96.31000 96.20000 96.10000 96.07000 95.97000 95.49000 95.56000 95.66000 95.34000 95.17000 95.34000 95.24000
96.79000 96.78000 96.69000 96.67000 96.69000 96.60000 96.38000 96.34000 96.43000 96.29000 96.03000 96.04000 95.94000 95.80000 95.73000 95.61000 95.44000 95.44000 95.22000 95.19000 94.96000
96.79000 96.67000 96.73000 96.72000 96.50000 96.41000 96.40000 96.54000 96.30000 96.37000 96.15000 95.95000 96.02000 95.96000 95.93000 95.84000 95.94000 95.33000 95.22000 95.11000 94.93000
96.79000 96.67000 96.73000 96.55000 96.48000 96.56000 96.55000 96.39000 96.37000 96.13000 96.18000 96.28000 95.92000 95.69000 95.71000 95.71000 95.51000 95.35000 95.50000 95.07000 95.23000
96.79000 96.69000 96.58000 96.68000 96.49000 96.42000 96.40000 96.27000 96.19000 96.03000 96.25000 95.97000 95.89000 95.99000 95.89000 96.05000 95.50000 95.41000 95.27000 95.23000 95.06000
96.79000 96.75000 96.72000 96.53000 96.66000 96.57000 96.31000 96.35000 96.29000 96.24000 96.01000 96.11000 95.97000 95.75000 95.88000 95.47000 95.50000 95.36000 95.04000 95.08000 95.22000
96.79000 96.69000 96.76000 96.60000 96.67000 96.47000 96.47000 96.28000 96.29000 96.28000 96.30000 96.05000 96.11000 95.84000 95.97000 95.63000 95.50000 95.28000 95.39000 95.31000 95.36000
