0.00000 0.05000 0.10000 0.15000 0.20000 0.25000 0.30000 0.35000 0.40000 0.45000 0.50000 0.55000 0.60000 0.65000 0.70000 0.75000 0.80000 0.85000 0.90000 0.95000 1.00000
96.79000 96.53000 96.52000 96.56000 96.59000 96.54000 96.24000 95.68000 94.72000 92.49000 88.41000 82.43000 76.91000 70.89000 64.67000 57.37000 51.22000 45.13000 39.82000 35.27000 32.09000
96.79000 96.56000 96.49000 96.54000 96.55000 96.56000 96.33000 95.61000 94.85000 92.51000 88.35000 82.91000 76.91000 70.82000 64.72000 57.85000 50.87000 45.51000 39.64000 35.00000 32.15000
96.79000 96.59000 96.54000 96.58000 96.53000 96.40000 96.31000 95.83000 94.71000 92.65000 88.73000 82.64000 76.48000 71.12000 64.60000 57.63000 51.04000 45.01000 39.71000 35.37000 32.06000
96.79000 96.59000 96.51000 96.54000 96.63000 96.43000 96.28000 95.65000 94.86000 92.46000 88.82000 82.33000 76.64000 70.75000 63.88000 58.14000 50.94000 45.11000 39.72000 35.62000 32.20000
96.79000 96.58000 96.51000 96.50000 96.56000 96.44000 96.45000 95.71000 94.58000 92.59000 88.86000 82.71000 76.69000 70.37000 64.74000 57.98000 50.95000 44.69000 39.93000 35.32000 32.73000
96.79000 96.63000 96.46000 96.56000 96.54000 96.49000 96.32000 95.77000 94.80000 92.55000 88.40000 82.69000 76.48000 70.44000 64.72000 58.03000 50.87000 45.44000 39.56000 35.86000 32.08000
96.79000 96.59000 96.52000 96.54000 96.48000 96.50000 96.26000 95.75000 94.62000 92.98000 88.93000 82.70000 76.73000 70.88000 64.21000 57.61000 51.38000 45.46000 39.05000 35.09000 32.06000
96.79000 96.60000 96.48000 96.56000 96.55000 96.62000 96.19000 95.76000 94.51000 92.32000 88.38000 83.41000 76.39000 70.88000 64.60000 57.58000 51.42000 44.92000 39.53000 35.40000 31.85000
96.79000 96.58000 96.51000 96.57000 96.58000 96.47000 96.40000 95.79000 94.72000 92.68000 88.40000 82.82000 76.55000 70.41000 64.47000 58.16000 50.72000 44.79000 39.20000 35.35000 31.76000
96.79000 96.54000 96.61000 96.50000 96.51000 96.48000 96.32000 95.76000 94.92000 92.49000 88.77000 82.86000 76.46000 70.85000 64.39000 58.08000 51.25000 45.09000 39.27000 35.71000 32.33000
96.79000 96.47000 96.55000 96.60000 96.53000 96.43000 96.31000 95.78000 94.81000 92.75000 88.90000 82.69000 76.73000 70.71000 64.77000 57.56000 51.38000 45.44000 39.71000 35.69000 31.47000
96.79000 96.50000 96.56000 96.51000 96.56000 96.52000 96.27000 95.78000 94.80000 92.68000 88.64000 82.60000 76.83000 70.99000 64.31000 57.90000 51.27000 45.03000 39.58000 35.61000 32.39000
96.79000 96.63000 96.56000 96.59000 96.58000 96.47000 96.20000 95.89000 94.85000 92.56000 88.52000 82.65000 76.90000 71.24000 65.11000 58.38000 51.14000 45.07000 39.82000 35.12000 31.66000
96.79000 96.59000 96.54000 96.57000 96.52000 96.55000 96.31000 95.84000 94.71000 92.58000 88.76000 82.54000 76.84000 70.98000 64.40000 57.73000 51.79000 44.91000 39.66000 35.18000 31.78000
96.79000 96.59000 96.52000 96.52000 96.57000 96.50000 96.25000 95.52000 94.65000 92.55000 88.65000 82.82000 76.41000 70.69000 64.56000 57.71000 51.67000 44.50000 39.48000 35.06000 32.14000
96.79000 96.57000 96.46000 96.58000 96.57000 96.53000 96.20000 95.60000 94.64000 92.60000 88.34000 82.54000 76.41000 70.16000 65.23000 57.52000 51.52000 45.15000 39.51000 35.54000 32.30000
96.79000 96.57000 96.48000 96.57000 96.59000 96.59000 96.38000 95.75000 94.73000 92.52000 88.52000 82.83000 76.85000 70.71000 64.39000 57.75000 51.11000 44.60000 39.64000 35.54000 32.09000
96.79000 96.63000 96.57000 96.51000 96.61000 96.40000 96.27000 95.70000 94.62000 92.86000 88.51000 82.58000 76.60000 70.66000 64.04000 57.50000 50.85000 45.04000 39.72000 35.35000 32.26000
96.79000 96.56000 96.54000 96.51000 96.57000 96.47000 96.30000 95.88000 94.45000 92.76000 88.60000 83.08000 76.67000 70.69000 64.59000 57.66000 51.31000 44.68000 39.41000 35.37000 32.14000
96.79000 96.57000 96.51000 96.56000 96.53000 96.34000 96.23000 95.69000 94.78000 92.37000 88.79000 82.73000 76.73000 70.45000 64.20000 57.87000 51.04000 44.79000 39.49000 35.31000 32.01000
