0.00000 0.05000 0.10000 0.15000 0.20000 0.25000 0.30000 0.35000 0.40000 0.45000 0.50000 0.55000 0.60000 0.65000 0.70000 0.75000 0.80000 0.85000 0.90000 0.95000 1.00000
96.60000 96.47000 96.44000 96.48000 96.48000 96.60000 96.31000 95.90000 95.31000 94.10000 91.89000 87.75000 82.81000 76.95000 70.64000 64.71000 57.67000 52.03000 48.44000 44.79000 41.21000
96.60000 96.47000 96.43000 96.48000 96.58000 96.39000 96.34000 96.14000 95.48000 94.30000 91.86000 88.39000 82.93000 76.38000 70.10000 64.01000 58.48000 53.34000 48.37000 44.37000 41.07000
96.60000 96.44000 96.40000 96.49000 96.54000 96.53000 96.39000 95.97000 95.42000 94.38000 92.02000 88.07000 82.45000 76.93000 70.78000 64.63000 57.71000 53.12000 48.43000 44.27000 41.19000
96.60000 96.40000 96.35000 96.47000 96.48000 96.42000 96.35000 96.04000 95.50000 94.07000 92.08000 87.83000 82.86000 76.45000 70.93000 64.59000 58.43000 52.78000 48.17000 44.66000 41.23000
96.60000 96.49000 96.40000 96.45000 96.56000 96.39000 96.34000 96.05000 95.32000 94.13000 92.07000 87.79000 82.49000 76.80000 70.08000 64.34000 58.08000 52.86000 47.93000 44.43000 41.35000
96.60000 96.50000 96.50000 96.41000 96.58000 96.40000 96.37000 95.86000 95.34000 94.43000 91.84000 87.58000 82.42000 76.63000 69.99000 64.13000 58.09000 52.85000 48.66000 44.25000 41.04000
96.60000 96.45000 96.41000 96.44000 96.56000 96.50000 96.30000 96.00000 95.53000 94.08000 91.98000 88.06000 82.57000 77.23000 70.66000 63.97000 57.97000 52.63000 48.39000 44.59000 40.85000
96.60000 96.52000 96.46000 96.39000 96.49000 96.46000 96.28000 95.90000 95.49000 94.38000 92.13000 88.31000 82.64000 76.21000 70.73000 64.57000 57.52000 52.79000 48.34000 44.05000 41.43000
96.60000 96.62000 96.42000 96.45000 96.56000 96.41000 96.35000 96.18000 95.37000 94.38000 92.10000 87.54000 83.25000 76.91000 69.94000 64.07000 58.16000 52.90000 48.57000 44.54000 40.96000
96.60000 96.47000 96.47000 96.51000 96.51000 96.43000 96.44000 95.92000 95.56000 94.11000 91.92000 87.94000 82.81000 77.42000 70.64000 64.32000 58.35000 52.70000 48.43000 44.02000 41.69000
96.60000 96.48000 96.50000 96.54000 96.51000 96.62000 96.36000 95.96000 95.48000 94.40000 92.16000 87.91000 82.55000 76.57000 70.05000 64.73000 58.46000 52.97000 48.05000 44.46000 41.19000
96.60000 96.39000 96.37000 96.55000 96.52000 96.42000 96.39000 95.95000 95.54000 94.25000 91.74000 87.96000 82.62000 76.98000 70.65000 63.89000 58.01000 53.03000 48.51000 44.31000 40.76000
96.60000 96.47000 96.46000 96.48000 96.50000 96.47000 96.28000 95.91000 95.37000 94.20000 92.00000 87.81000 82.69000 77.01000 70.73000 64.60000 58.51000 53.02000 48.24000 44.03000 41.56000
96.60000 96.40000 96.39000 96.49000 96.48000 96.48000 96.34000 96.00000 95.35000 94.25000 91.87000 87.92000 82.61000 76.92000 70.82000 63.82000 58.40000 53.10000 48.57000 44.84000 41.43000
96.60000 96.47000 96.43000 96.42000 96.45000 96.39000 96.32000 96.04000 95.42000 94.42000 92.28000 88.03000 82.85000 77.41000 70.05000 64.19000 58.00000 52.67000 48.10000 44.94000 41.27000
96.60000 96.40000 96.38000 96.51000 96.51000 96.47000 96.34000 96.05000 95.44000 94.11000 92.18000 88.12000 82.51000 76.96000 70.77000 65.00000 58.71000 52.54000 48.46000 44.46000 41.08000
96.60000 96.48000 96.46000 96.49000 96.63000 96.46000 96.38000 96.06000 95.53000 94.20000 91.80000 88.22000 82.26000 76.95000 71.12000 64.07000 58.29000 53.07000 48.63000 45.04000 41.14000
96.60000 96.49000 96.50000 96.41000 96.55000 96.53000 96.47000 96.06000 95.49000 94.38000 92.04000 87.40000 82.45000 76.62000 70.90000 64.61000 58.14000 53.28000 48.25000 44.78000 41.58000
96.60000 96.44000 96.41000 96.39000 96.55000 96.49000 96.19000 95.99000 95.42000 94.23000 91.99000 87.87000 82.65000 76.88000 70.37000 64.24000 58.59000 52.62000 48.09000 44.94000 40.72000
96.60000 96.46000 96.30000 96.50000 96.50000 96.48000 96.24000 96.24000 95.37000 94.28000 91.93000 88.06000 82.45000 77.33000 70.42000 64.70000 58.22000 52.39000 48.13000 44.58000 41.11000
