0.00000 0.05000 0.10000 0.15000 0.20000 0.25000 0.30000 0.35000 0.40000 0.45000 0.50000 0.55000 0.60000 0.65000 0.70000 0.75000 0.80000 0.85000 0.90000 0.95000 1.00000
96.60000 96.61000 96.61000 96.57000 96.62000 96.57000 96.54000 96.63000 96.56000 96.55000 96.60000 96.55000 96.59000 96.61000 96.60000 96.66000 96.62000 96.52000 96.50000 96.62000 96.52000
96.60000 96.54000 96.58000 96.56000 96.46000 96.58000 96.64000 96.56000 96.58000 96.56000 96.62000 96.52000 96.53000 96.59000 96.51000 96.54000 96.48000 96.57000 96.61000 96.58000 96.52000
96.60000 96.58000 96.59000 96.57000 96.55000 96.54000 96.66000 96.53000 96.62000 96.53000 96.50000 96.58000 96.55000 96.53000 96.60000 96.57000 96.53000 96.61000 96.49000 96.48000 96.59000
96.60000 96.61000 96.50000 96.58000 96.58000 96.51000 96.58000 96.56000 96.59000 96.55000 96.54000 96.59000 96.60000 96.55000 96.49000 96.61000 96.51000 96.52000 96.47000 96.60000 96.57000
96.60000 96.58000 96.53000 96.52000 96.50000 96.52000 96.62000 96.50000 96.59000 96.53000 96.62000 96.51000 96.52000 96.52000 96.54000 96.60000 96.64000 96.51000 96.44000 96.58000 96.52000
96.60000 96.51000 96.59000 96.55000 96.53000 96.58000 96.62000 96.54000 96.59000 96.61000 96.55000 96.48000 96.53000 96.60000 96.52000 96.55000 96.49000 96.57000 96.63000 96.48000 96.53000
96.60000 96.55000 96.52000 96.67000 96.46000 96.60000 96.57000 96.57000 96.53000 96.53000 96.50000 96.51000 96.43000 96.51000 96.60000 96.56000 96.64000 96.56000 96.61000 96.54000 96.46000
96.60000 96.60000 96.52000 96.56000 96.54000 96.54000 96.58000 96.66000 96.56000 96.58000 96.49000 96.52000 96.57000 96.62000 96.49000 96.52000 96.54000 96.52000 96.48000 96.49000 96.49000
96.60000 96.54000 96.63000 96.51000 96.58000 96.52000 96.53000 96.56000 96.56000 96.47000 96.68000 96.62000 96.58000 96.54000 96.58000 96.63000 96.52000 96.53000 96.62000 96.58000 96.51000
96.60000 96.57000 96.53000 96.56000 96.59000 96.52000 96.55000 96.64000 96.45000 96.56000 96.57000 96.55000 96.52000 96.63000 96.59000 96.61000 96.56000 96.47000 96.51000 96.65000 96.55000
96.60000 96.58000 96.60000 96.54000 96.56000 96.59000 96.57000 96.66000 96.50000 96.61000 96.60000 96.53000 96.53000 96.51000 96.57000 96.62000 96.57000 96.43000 96.58000 96.52000 96.56000
96.60000 96.53000 96.49000 96.59000 96.53000 96.57000 96.65000 96.53000 96.57000 96.54000 96.44000 96.51000 96.57000 96.58000 96.60000 96.53000 96.59000 96.49000 96.55000 96.53000 96.55000
96.60000 96.56000 96.57000 96.61000 96.51000 96.51000 96.56000 96.61000 96.43000 96.57000 96.53000 96.54000 96.54000 96.51000 96.46000 96.55000 96.52000 96.50000 96.50000 96.53000 96.48000
96.60000 96.60000 96.52000 96.58000 96.61000 96.59000 96.57000 96.54000 96.57000 96.51000 96.55000 96.58000 96.47000 96.55000 96.51000 96.63000 96.59000 96.51000 96.48000 96.45000 96.50000
96.60000 96.57000 96.53000 96.63000 96.66000 96.49000 96.59000 96.48000 96.57000 96.54000 96.47000 96.55000 96.55000 96.50000 96.55000 96.43000 96.53000 96.49000 96.54000 96.62000 96.61000
96.60000 96.56000 96.55000 96.51000 96.56000 96.54000 96.48000 96.52000 96.54000 96.59000 96.61000 96.57000 96.57000 96.55000 96.59000 96.53000 96.59000 96.57000 96.50000 96.59000 96.65000
96.60000 96.62000 96.58000 96.54000 96.58000 96.63000 96.54000 96.57000 96.54000 96.50000 96.56000 96.59000 96.54000 96.54000 96.53000 96.53000 96.60000 96.61000 96.60000 96.50000 96.54000
96.60000 96.58000 96.52000 96.59000 96.58000 96.52000 96.62000 96.56000 96.56000 96.53000 96.57000 96.48000 96.46000 96.54000 96.57000 96.59000 96.57000 96.50000 96.64000 96.58000 96.46000
96.60000 96.58000 96.61000 96.62000 96.45000 96.57000 96.62000 96.59000 96.53000 96.50000 96.51000 96.57000 96.53000 96.58000 96.55000 96.49000 96.50000 96.46000 96.64000 96.61000 96.56000
96.60000 96.64000 96.54000 96.61000 96.54000 96.50000 96.60000 96.55000 96.59000 96.56000 96.58000 96.55000 96.55000 96.51000 96.58000 96.46000 96.46000 96.55000 96.56000 96.48000 96.60000
