# epoch | tr.acc. | te.acc. | tr.loss | te.loss
0.00000 93.38667 93.37000 1.32815 1.30740
1.00000 94.96500 94.73000 1.01757 1.02887
2.00000 95.77167 95.47000 0.86612 0.88881
3.00000 96.12000 95.67000 0.79052 0.82920
4.00000 96.39667 95.64000 0.74841 0.80034
5.00000 96.64167 95.94000 0.69901 0.75966
6.00000 96.91667 96.08000 0.66260 0.73197
7.00000 97.09833 96.25000 0.63301 0.71002
8.00000 97.18667 96.22000 0.62245 0.70948
9.00000 97.29833 96.31000 0.59504 0.68520
10.00000 97.41833 96.26000 0.56732 0.67074
11.00000 97.56667 96.58000 0.54778 0.64999
12.00000 97.68333 96.47000 0.53895 0.65042
13.00000 97.76500 96.45000 0.52412 0.64737
14.00000 97.76500 96.49000 0.51730 0.64698
15.00000 97.93333 96.50000 0.50167 0.63476
16.00000 97.94833 96.61000 0.48820 0.63044
17.00000 97.97833 96.64000 0.48472 0.62778
18.00000 98.01667 96.62000 0.47092 0.61925
19.00000 98.15667 96.60000 0.46727 0.62418
20.00000 98.08167 96.57000 0.46769 0.61939
21.00000 98.18167 96.59000 0.46141 0.62427
22.00000 98.25167 96.56000 0.44873 0.61711
23.00000 98.23667 96.59000 0.44994 0.61946
24.00000 98.26000 96.69000 0.44146 0.61430
25.00000 98.30167 96.73000 0.43239 0.60777
26.00000 98.39000 96.61000 0.42895 0.60825
27.00000 98.43667 96.69000 0.42674 0.61179
28.00000 98.43667 96.75000 0.43216 0.62363
29.00000 98.41000 96.60000 0.42262 0.60822
30.00000 98.46667 96.63000 0.40886 0.60083
31.00000 98.47833 96.63000 0.41121 0.60674
32.00000 98.55000 96.64000 0.40454 0.60267
33.00000 98.50833 96.73000 0.40399 0.60440
34.00000 98.58000 96.74000 0.39902 0.60643
35.00000 98.56000 96.66000 0.40004 0.60520
36.00000 98.58333 96.67000 0.39515 0.60887
37.00000 98.65000 96.72000 0.38926 0.59634
38.00000 98.63833 96.67000 0.38662 0.60447
39.00000 98.63500 96.75000 0.39708 0.61781
40.00000 98.76833 96.72000 0.38204 0.60675
41.00000 98.70500 96.58000 0.37952 0.60640
42.00000 98.71833 96.66000 0.37476 0.60301
43.00000 98.73167 96.70000 0.38003 0.61313
44.00000 98.72167 96.65000 0.37230 0.60698
45.00000 98.75500 96.71000 0.36935 0.60275
46.00000 98.72000 96.70000 0.37593 0.61464
47.00000 98.80167 96.75000 0.36694 0.60442
48.00000 98.83167 96.68000 0.36923 0.61258
49.00000 98.79500 96.60000 0.36266 0.60674
