0.00000 0.05000 0.10000 0.15000 0.20000 0.25000 0.30000 0.35000 0.40000 0.45000 0.50000 0.55000 0.60000 0.65000 0.70000 0.75000 0.80000 0.85000 0.90000 0.95000 1.00000
97.16000 97.17000 97.08000 96.96000 96.84000 96.57000 96.23000 96.01000 95.78000 95.29000 94.96000 94.12000 93.43000 93.08000 91.95000 90.85000 89.67000 88.58000 87.29000 86.73000 85.11000
97.16000 97.16000 97.07000 96.85000 96.82000 96.64000 96.43000 96.16000 95.63000 95.24000 94.84000 94.22000 93.59000 92.74000 91.64000 90.52000 89.85000 88.53000 87.32000 86.30000 85.43000
97.16000 97.18000 97.05000 96.93000 96.89000 96.51000 96.08000 95.95000 95.84000 95.12000 94.57000 93.99000 93.33000 92.69000 91.51000 90.97000 89.74000 88.94000 87.38000 86.18000 84.66000
97.16000 97.18000 96.98000 96.88000 96.72000 96.62000 96.27000 96.03000 95.66000 95.24000 94.81000 94.07000 93.55000 92.44000 91.61000 90.89000 89.87000 88.44000 88.21000 86.40000 85.22000
97.16000 97.15000 97.12000 96.87000 96.84000 96.66000 96.36000 95.99000 95.82000 95.06000 94.78000 94.11000 93.23000 92.40000 91.81000 90.91000 89.73000 88.59000 87.65000 86.38000 84.96000
97.16000 97.15000 96.96000 97.00000 96.96000 96.58000 96.19000 95.95000 95.69000 95.09000 94.70000 93.93000 93.78000 92.60000 91.65000 90.75000 90.01000 88.47000 87.24000 86.14000 84.99000
97.16000 97.20000 97.10000 97.00000 96.75000 96.62000 96.41000 96.10000 95.76000 95.19000 94.50000 94.24000 93.44000 92.49000 91.67000 90.46000 89.72000 88.45000 87.29000 86.63000 85.41000
97.16000 97.19000 97.05000 97.00000 96.69000 96.49000 96.43000 95.99000 95.69000 95.25000 94.67000 94.28000 93.46000 92.79000 91.42000 90.74000 89.46000 88.50000 87.20000 86.33000 85.43000
97.16000 97.16000 97.02000 96.97000 96.84000 96.52000 96.12000 95.87000 95.69000 95.12000 94.69000 94.15000 93.50000 92.47000 91.65000 90.36000 89.94000 88.68000 87.70000 85.90000 85.26000
97.16000 97.07000 97.15000 96.92000 96.85000 96.64000 96.31000 95.95000 95.66000 95.27000 94.86000 94.25000 93.11000 92.60000 91.58000 90.80000 89.46000 88.44000 87.53000 86.37000 85.05000
97.16000 97.19000 97.00000 97.08000 96.88000 96.45000 96.35000 96.08000 95.61000 95.36000 94.56000 94.14000 93.25000 92.61000 91.87000 90.88000 89.76000 88.65000 87.56000 86.06000 84.98000
97.16000 97.05000 97.10000 96.89000 96.75000 96.46000 96.26000 96.03000 95.82000 95.21000 94.56000 94.15000 93.09000 92.74000 91.58000 90.72000 89.77000 88.68000 87.03000 86.29000 84.96000
97.16000 97.08000 97.12000 96.95000 96.85000 96.61000 96.33000 96.01000 95.56000 95.23000 94.69000 93.95000 93.54000 92.58000 91.74000 90.82000 89.58000 89.19000 87.31000 86.26000 85.39000
97.16000 97.10000 97.11000 97.07000 96.79000 96.61000 96.32000 96.11000 95.71000 95.38000 94.62000 94.06000 93.51000 92.70000 91.85000 90.78000 89.74000 88.74000 87.54000 86.57000 84.94000
97.16000 97.10000 97.09000 97.02000 96.78000 96.66000 96.14000 96.05000 95.77000 95.32000 94.75000 94.14000 93.36000 92.44000 91.64000 90.97000 89.37000 88.35000 87.41000 86.16000 85.40000
97.16000 96.96000 97.04000 96.93000 96.87000 96.71000 96.27000 96.03000 95.69000 95.21000 94.67000 94.34000 93.23000 92.75000 91.79000 90.45000 89.69000 89.10000 87.19000 86.60000 85.09000
97.16000 97.12000 97.13000 96.91000 96.83000 96.59000 96.36000 96.09000 95.72000 95.30000 95.02000 94.20000 93.55000 92.46000 91.75000 91.10000 89.83000 88.35000 87.20000 86.30000 84.73000
97.16000 97.15000 97.16000 97.02000 96.58000 96.48000 96.42000 96.08000 95.72000 95.28000 94.88000 93.90000 93.63000 92.60000 91.54000 90.91000 89.70000 88.52000 87.27000 86.59000 85.25000
97.16000 97.14000 96.96000 96.88000 96.73000 96.51000 96.35000 95.93000 95.88000 95.25000 94.60000 94.27000 93.25000 92.75000 91.57000 90.47000 89.50000 88.74000 87.42000 85.98000 85.52000
97.16000 97.08000 96.95000 96.98000 96.76000 96.66000 96.24000 95.88000 95.70000 95.33000 94.72000 94.16000 93.40000 92.64000 91.67000 90.87000 89.90000 88.88000 87.54000 86.60000 85.28000
