0.00000 0.05000 0.10000 0.15000 0.20000 0.25000 0.30000 0.35000 0.40000 0.45000 0.50000 0.55000 0.60000 0.65000 0.70000 0.75000 0.80000 0.85000 0.90000 0.95000 1.00000
93.15000 92.99000 92.82000 92.77000 92.81000 92.72000 92.42000 92.08000 91.45000 90.12000 87.82000 84.65000 80.01000 74.43000 68.92000 62.49000 56.40000 51.70000 45.79000 40.46000 34.56000
93.15000 92.88000 92.87000 92.77000 92.83000 92.61000 92.29000 91.93000 91.40000 90.07000 87.98000 84.61000 79.99000 74.19000 68.64000 62.16000 56.51000 50.97000 45.66000 40.47000 34.86000
93.15000 92.93000 92.77000 92.72000 92.86000 92.61000 92.47000 91.97000 91.31000 90.20000 88.04000 84.39000 80.05000 74.82000 68.80000 62.48000 56.48000 51.25000 45.85000 39.94000 34.60000
93.15000 93.02000 92.83000 92.76000 92.75000 92.55000 92.42000 92.13000 91.32000 89.85000 88.01000 84.41000 79.83000 74.52000 68.24000 62.35000 56.61000 51.23000 45.56000 40.41000 34.82000
93.15000 92.92000 92.84000 92.81000 92.76000 92.74000 92.48000 92.19000 91.41000 90.11000 88.06000 84.58000 79.77000 74.47000 68.58000 62.70000 56.75000 51.25000 45.60000 40.19000 35.38000
93.15000 92.91000 92.82000 92.80000 92.91000 92.76000 92.43000 92.01000 91.38000 90.14000 87.98000 84.62000 79.91000 74.41000 68.33000 62.20000 56.43000 50.82000 45.83000 40.88000 34.85000
93.15000 92.91000 92.90000 92.74000 92.86000 92.69000 92.45000 92.00000 91.34000 90.21000 87.93000 84.52000 79.80000 74.58000 68.38000 62.11000 56.83000 50.93000 45.30000 39.97000 34.60000
93.15000 92.89000 92.80000 92.86000 92.70000 92.72000 92.45000 92.00000 91.27000 90.23000 88.04000 84.23000 79.99000 74.82000 68.88000 62.26000 56.78000 51.11000 45.50000 40.51000 35.25000
93.15000 92.92000 92.81000 92.82000 92.77000 92.70000 92.68000 92.01000 91.45000 90.01000 87.96000 84.72000 79.62000 74.31000 68.66000 62.61000 56.52000 50.92000 46.12000 39.96000 34.61000
93.15000 92.82000 92.82000 92.76000 92.80000 92.69000 92.45000 92.07000 91.42000 89.97000 88.07000 84.71000 80.02000 74.60000 68.56000 62.52000 56.00000 51.26000 45.82000 40.23000 34.91000
93.15000 92.96000 92.87000 92.81000 92.80000 92.62000 92.51000 92.01000 91.35000 90.01000 87.80000 84.57000 79.72000 74.63000 68.56000 62.45000 56.66000 50.80000 45.56000 40.17000 34.48000
93.15000 92.93000 92.77000 92.75000 92.81000 92.62000 92.35000 92.14000 91.19000 90.19000 88.38000 84.35000 79.80000 74.28000 68.11000 62.39000 56.50000 51.14000 45.51000 40.14000 34.89000
93.15000 92.92000 92.84000 92.77000 92.85000 92.73000 92.43000 91.97000 91.15000 90.00000 87.89000 84.44000 80.23000 74.74000 68.20000 62.12000 56.44000 51.09000 45.69000 40.23000 35.10000
93.15000 92.93000 92.88000 92.83000 92.98000 92.72000 92.53000 92.11000 91.18000 90.24000 87.94000 84.55000 80.18000 74.78000 68.62000 62.25000 56.90000 51.30000 45.83000 40.10000 34.57000
93.15000 92.93000 92.83000 92.86000 92.67000 92.69000 92.48000 92.04000 91.43000 90.11000 87.95000 84.60000 79.92000 75.03000 68.43000 62.52000 56.73000 51.07000 46.07000 40.32000 34.66000
93.15000 92.84000 92.83000 92.84000 92.85000 92.73000 92.40000 91.99000 91.35000 90.14000 87.79000 84.66000 80.07000 73.96000 68.48000 62.00000 56.44000 51.02000 44.96000 39.95000 35.35000
93.15000 92.91000 92.79000 92.75000 92.73000 92.56000 92.43000 92.01000 91.31000 90.07000 88.28000 84.65000 79.80000 74.15000 68.00000 62.61000 56.26000 50.80000 45.62000 40.34000 34.42000
93.15000 92.92000 92.89000 92.75000 92.80000 92.55000 92.52000 92.10000 91.24000 90.27000 88.12000 84.57000 79.94000 74.64000 68.95000 62.96000 56.69000 50.94000 46.07000 39.67000 34.68000
93.15000 92.87000 92.78000 92.74000 92.73000 92.61000 92.68000 91.94000 91.09000 90.10000 88.11000 84.59000 79.74000 75.04000 68.68000 62.42000 56.42000 51.30000 45.64000 40.44000 35.46000
93.15000 92.89000 92.78000 92.81000 92.72000 92.74000 92.43000 91.96000 91.28000 90.03000 87.87000 84.67000 79.97000 74.57000 68.23000 62.45000 56.88000 51.19000 45.93000 40.83000 34.56000
