0.00000 0.05000 0.10000 0.15000 0.20000 0.25000 0.30000 0.35000 0.40000 0.45000 0.50000 0.55000 0.60000 0.65000 0.70000 0.75000 0.80000 0.85000 0.90000 0.95000 1.00000
96.92000 96.72000 96.38000 96.23000 96.16000 95.61000 95.32000 95.19000 94.97000 94.42000 93.88000 93.55000 93.46000 92.71000 92.49000 92.06000 92.12000 91.32000 91.53000 90.52000 90.77000
96.92000 96.69000 96.53000 96.31000 96.00000 95.81000 95.29000 95.21000 94.69000 94.46000 94.15000 93.91000 93.31000 93.10000 92.90000 91.94000 91.93000 91.95000 91.12000 91.22000 90.39000
96.92000 96.73000 96.37000 96.24000 96.05000 95.68000 95.43000 94.95000 94.88000 94.22000 93.93000 93.62000 93.33000 92.89000 92.42000 92.36000 91.67000 91.71000 91.54000 90.63000 90.50000
96.92000 96.66000 96.43000 96.29000 95.88000 95.62000 95.41000 94.99000 94.54000 94.26000 93.72000 93.81000 93.39000 93.15000 92.55000 92.52000 91.88000 91.50000 90.90000 91.04000 90.52000
96.92000 96.68000 96.46000 96.18000 96.01000 95.94000 95.42000 95.24000 94.71000 94.53000 94.16000 93.76000 93.36000 92.79000 92.69000 92.50000 92.06000 91.51000 90.87000 90.82000 90.68000
96.92000 96.75000 96.41000 96.31000 95.84000 95.70000 95.37000 95.24000 94.69000 94.63000 94.09000 93.84000 93.36000 92.53000 92.64000 91.88000 92.15000 91.67000 90.95000 90.50000 90.43000
96.92000 96.62000 96.48000 96.33000 96.12000 95.85000 95.47000 95.49000 94.84000 94.23000 94.26000 93.58000 93.18000 93.04000 92.86000 92.44000 91.43000 91.36000 91.47000 90.89000 90.77000
96.92000 96.64000 96.44000 96.27000 96.03000 95.80000 95.49000 95.26000 94.48000 94.37000 93.99000 93.33000 93.36000 92.73000 92.47000 92.23000 92.23000 91.71000 91.07000 90.94000 90.76000
96.92000 96.76000 96.53000 96.29000 96.11000 95.48000 95.44000 95.12000 94.48000 94.40000 94.19000 93.35000 93.46000 92.66000 92.79000 91.85000 91.75000 91.62000 91.47000 90.63000 90.46000
96.92000 96.75000 96.47000 96.32000 96.05000 95.56000 95.59000 95.14000 94.74000 94.71000 93.99000 93.59000 93.35000 92.90000 92.94000 91.98000 92.10000 91.35000 91.19000 90.70000 90.59000
96.92000 96.58000 96.43000 96.41000 96.14000 95.80000 95.42000 95.13000 94.72000 94.29000 93.89000 93.94000 93.17000 92.83000 92.41000 91.97000 91.94000 91.40000 91.34000 91.16000 90.74000
96.92000 96.62000 96.42000 96.15000 96.07000 95.64000 95.46000 94.94000 94.28000 94.61000 94.14000 93.63000 93.34000 93.06000 92.79000 91.85000 92.12000 91.35000 91.28000 90.90000 90.83000
96.92000 96.72000 96.34000 96.24000 95.98000 95.77000 95.75000 95.03000 94.60000 94.30000 94.08000 93.46000 93.47000 92.88000 92.50000 92.13000 91.66000 91.48000 91.16000 90.82000 90.22000
96.92000 96.76000 96.47000 96.20000 96.17000 95.63000 95.38000 94.96000 94.73000 94.58000 93.70000 93.66000 93.13000 93.06000 92.78000 92.10000 91.85000 91.43000 90.97000 90.54000 90.31000
96.92000 96.62000 96.40000 96.17000 95.76000 95.72000 95.31000 95.07000 94.63000 94.48000 93.99000 93.92000 93.17000 92.91000 92.55000 92.48000 91.78000 91.12000 91.10000 90.66000 90.69000
96.92000 96.71000 96.41000 96.19000 96.09000 95.70000 95.60000 95.10000 94.80000 94.33000 94.12000 93.81000 93.51000 92.81000 92.79000 92.10000 91.75000 91.67000 91.41000 91.16000 90.25000
96.92000 96.67000 96.50000 96.35000 95.95000 95.75000 95.34000 95.35000 94.76000 94.60000 94.03000 93.45000 93.18000 93.17000 92.50000 92.17000 91.90000 91.71000 91.13000 91.05000 91.08000
96.92000 96.66000 96.49000 96.37000 95.81000 95.71000 95.37000 95.31000 94.60000 94.51000 94.09000 94.03000 93.13000 92.99000 92.72000 92.08000 91.86000 91.59000 91.36000 91.24000 90.54000
96.92000 96.59000 96.33000 96.27000 95.95000 95.83000 95.59000 95.10000 94.39000 94.36000 94.06000 93.71000 93.38000 93.14000 92.57000 92.31000 91.87000 91.79000 91.54000 90.67000 90.43000
96.92000 96.58000 96.40000 96.24000 96.02000 95.84000 95.68000 95.07000 94.69000 94.52000 94.12000 93.71000 93.45000 92.94000 92.45000 92.15000 91.16000 91.28000 91.69000 90.75000 90.87000
