0.00000 0.05000 0.10000 0.15000 0.20000 0.25000 0.30000 0.35000 0.40000 0.45000 0.50000 0.55000 0.60000 0.65000 0.70000 0.75000 0.80000 0.85000 0.90000 0.95000 1.00000
96.92000 96.80000 96.86000 96.76000 96.85000 96.61000 96.37000 95.32000 94.15000 91.34000 88.34000 83.28000 78.33000 71.58000 64.68000 58.97000 51.86000 46.81000 41.69000 36.99000 31.84000
96.92000 96.84000 96.78000 96.86000 96.86000 96.55000 96.30000 95.59000 93.98000 92.08000 87.88000 83.26000 78.22000 71.43000 65.30000 58.69000 52.14000 46.33000 40.79000 36.51000 32.27000
96.92000 96.81000 96.79000 96.80000 96.71000 96.61000 96.26000 95.51000 93.99000 91.66000 87.91000 83.70000 77.58000 71.64000 65.54000 58.40000 51.31000 47.01000 41.58000 37.18000 32.61000
96.92000 96.82000 96.80000 96.77000 96.88000 96.76000 96.29000 95.50000 93.49000 91.96000 88.24000 82.99000 78.21000 71.48000 65.65000 58.44000 52.47000 47.03000 41.24000 36.45000 32.58000
96.92000 96.88000 96.82000 96.77000 96.78000 96.69000 96.16000 95.26000 94.01000 91.59000 88.31000 83.03000 77.64000 71.80000 65.45000 58.67000 52.09000 46.31000 41.35000 36.61000 32.22000
96.92000 96.83000 96.78000 96.77000 96.79000 96.64000 96.46000 95.34000 94.07000 91.78000 88.07000 83.30000 77.96000 71.68000 64.88000 58.24000 52.35000 46.44000 40.77000 36.74000 32.58000
96.92000 96.79000 96.83000 96.80000 96.72000 96.64000 96.28000 95.40000 93.78000 91.40000 87.91000 83.61000 77.96000 72.21000 65.22000 59.03000 52.61000 46.29000 41.27000 36.36000 32.87000
96.92000 96.87000 96.77000 96.71000 96.82000 96.65000 96.19000 95.66000 93.87000 91.61000 88.11000 83.51000 78.00000 71.32000 65.01000 58.62000 52.15000 46.53000 41.70000 36.71000 32.61000
96.92000 96.86000 96.84000 96.78000 96.77000 96.57000 96.23000 95.41000 93.87000 91.55000 88.22000 83.14000 77.91000 71.58000 65.24000 57.96000 53.07000 46.93000 41.40000 36.14000 32.40000
96.92000 96.81000 96.85000 96.84000 96.80000 96.60000 96.19000 95.47000 93.93000 91.55000 88.33000 83.24000 78.52000 72.08000 65.47000 58.66000 52.40000 46.92000 41.47000 36.94000 32.76000
96.92000 96.84000 96.82000 96.80000 96.84000 96.65000 96.22000 95.58000 94.08000 91.32000 87.83000 83.25000 78.17000 71.57000 65.81000 57.94000 53.04000 46.57000 41.85000 36.62000 32.62000
96.92000 96.85000 96.82000 96.82000 96.85000 96.66000 96.17000 95.40000 94.07000 91.62000 88.24000 83.43000 77.95000 72.41000 64.88000 59.21000 52.54000 46.79000 41.56000 36.19000 33.32000
96.92000 96.85000 96.79000 96.82000 96.65000 96.64000 96.35000 95.46000 94.00000 91.83000 88.01000 83.47000 78.93000 71.79000 64.74000 58.26000 52.34000 46.39000 42.30000 36.57000 32.73000
96.92000 96.84000 96.77000 96.81000 96.77000 96.64000 96.16000 95.46000 93.99000 91.41000 87.72000 83.40000 78.11000 72.20000 65.63000 58.61000 52.38000 46.69000 40.52000 36.71000 32.98000
96.92000 96.93000 96.80000 96.81000 96.81000 96.67000 96.35000 95.45000 93.99000 91.75000 88.41000 83.12000 77.95000 72.12000 64.99000 59.13000 52.27000 47.04000 41.21000 36.31000 33.03000
96.92000 96.90000 96.85000 96.87000 96.72000 96.64000 96.19000 95.32000 94.09000 91.72000 88.17000 83.48000 77.74000 71.82000 65.45000 59.16000 53.36000 46.73000 40.95000 36.55000 32.69000
96.92000 96.88000 96.86000 96.78000 96.76000 96.49000 96.37000 95.47000 93.89000 91.51000 88.67000 82.90000 77.63000 71.86000 65.56000 58.40000 52.47000 46.14000 41.39000 36.13000 32.32000
96.92000 96.90000 96.81000 96.85000 96.83000 96.70000 96.35000 95.41000 94.28000 91.68000 87.91000 83.32000 77.69000 72.16000 65.45000 58.25000 52.06000 46.42000 41.84000 36.69000 32.26000
96.92000 96.90000 96.84000 96.74000 96.81000 96.69000 96.31000 95.49000 93.82000 91.58000 88.12000 82.90000 78.40000 72.60000 65.09000 58.84000 52.40000 46.53000 41.78000 36.46000 32.45000
96.92000 96.86000 96.87000 96.84000 96.68000 96.72000 96.35000 95.69000 93.81000 91.75000 88.20000 83.07000 78.04000 72.16000 65.05000 58.75000 52.60000 46.55000 41.78000 36.58000 32.86000
