0.00000 0.05000 0.10000 0.15000 0.20000 0.25000 0.30000 0.35000 0.40000 0.45000 0.50000 0.55000 0.60000 0.65000 0.70000 0.75000 0.80000 0.85000 0.90000 0.95000 1.00000
93.12000 93.15000 93.10000 93.12000 93.17000 93.10000 93.15000 93.09000 93.16000 93.07000 93.10000 93.04000 93.26000 93.14000 93.08000 93.02000 93.04000 93.15000 93.03000 93.04000 93.11000
93.12000 93.14000 93.17000 93.16000 93.19000 93.12000 93.06000 93.20000 93.09000 93.07000 93.18000 93.06000 93.06000 93.05000 93.14000 93.05000 93.09000 93.17000 93.15000 93.10000 93.25000
93.12000 93.15000 93.15000 93.19000 93.12000 93.15000 93.14000 93.15000 93.13000 93.09000 93.15000 93.17000 93.11000 93.11000 93.16000 93.15000 93.02000 93.12000 93.20000 93.11000 93.01000
93.12000 93.13000 93.14000 93.11000 93.15000 93.16000 93.19000 93.11000 93.08000 93.09000 93.11000 93.07000 93.09000 93.06000 93.10000 93.10000 93.06000 93.09000 93.00000 93.13000 93.25000
93.12000 93.16000 93.15000 93.17000 93.21000 93.15000 93.12000 93.14000 93.09000 93.16000 93.09000 93.14000 93.12000 93.12000 93.11000 93.11000 93.07000 93.10000 93.06000 93.10000 93.07000
93.12000 93.12000 93.13000 93.12000 93.08000 93.17000 93.02000 93.19000 93.09000 93.17000 93.15000 93.12000 93.09000 93.06000 93.17000 93.11000 93.17000 93.00000 93.12000 93.16000 93.22000
93.12000 93.18000 93.13000 93.12000 93.12000 93.08000 93.07000 93.13000 93.14000 93.03000 93.17000 93.12000 93.09000 93.16000 93.14000 93.12000 93.04000 93.01000 93.06000 93.07000 93.13000
93.12000 93.15000 93.16000 93.16000 93.21000 93.20000 93.17000 93.13000 93.06000 93.12000 93.07000 93.11000 93.06000 93.02000 93.03000 93.12000 93.25000 93.12000 93.23000 93.15000 93.05000
93.12000 93.16000 93.08000 93.14000 93.14000 93.17000 93.10000 93.13000 93.07000 93.17000 93.22000 93.12000 93.07000 93.04000 93.15000 93.17000 93.14000 93.09000 93.13000 93.10000 93.12000
93.12000 93.15000 93.15000 93.12000 93.18000 93.18000 93.13000 93.19000 93.12000 93.10000 93.14000 93.12000 93.16000 93.12000 93.11000 93.15000 93.16000 93.14000 93.08000 93.12000 93.17000
93.12000 93.15000 93.16000 93.13000 93.14000 93.20000 93.12000 93.05000 93.15000 93.06000 93.09000 93.16000 93.08000 93.09000 93.19000 93.16000 93.14000 93.15000 93.09000 93.12000 93.12000
93.12000 93.15000 93.15000 93.19000 93.09000 93.17000 93.09000 93.12000 93.12000 93.11000 93.12000 93.16000 93.10000 93.08000 93.04000 93.11000 93.13000 93.04000 93.10000 93.12000 93.11000
93.12000 93.14000 93.11000 93.10000 93.09000 93.13000 93.08000 93.15000 93.16000 93.09000 93.20000 93.12000 93.12000 93.01000 93.11000 93.16000 93.02000 93.13000 93.17000 93.10000 93.11000
93.12000 93.17000 93.13000 93.16000 93.11000 93.11000 93.13000 93.14000 93.06000 93.12000 93.10000 93.09000 93.10000 93.16000 93.14000 93.04000 93.04000 93.16000 93.15000 93.09000 93.06000
93.12000 93.18000 93.15000 93.17000 93.18000 93.07000 93.08000 93.08000 93.10000 93.17000 93.15000 93.06000 93.21000 93.07000 93.06000 93.17000 93.10000 93.13000 93.13000 93.06000 93.16000
93.12000 93.11000 93.18000 93.11000 93.16000 93.19000 93.14000 93.11000 93.12000 93.08000 93.09000 93.20000 93.02000 93.18000 93.19000 93.12000 93.12000 93.10000 93.13000 93.06000 93.05000
93.12000 93.13000 93.13000 93.14000 93.18000 93.11000 93.15000 93.11000 93.20000 93.15000 93.12000 93.02000 93.09000 93.19000 93.01000 93.07000 93.08000 93.08000 93.05000 93.10000 93.11000
93.12000 93.17000 93.21000 93.11000 93.08000 93.15000 93.14000 93.14000 93.09000 93.08000 93.15000 93.07000 93.05000 93.03000 93.08000 93.07000 93.13000 93.05000 93.04000 93.08000 93.14000
93.12000 93.13000 93.16000 93.10000 93.13000 93.10000 93.09000 93.13000 93.18000 93.06000 93.09000 93.10000 93.11000 93.15000 93.08000 93.08000 93.17000 93.16000 93.09000 93.06000 92.99000
93.12000 93.12000 93.19000 93.11000 93.16000 93.08000 93.09000 93.13000 93.04000 93.09000 93.15000 93.11000 93.09000 93.15000 93.07000 93.09000 93.17000 93.13000 93.21000 93.16000 93.11000
