0.00000 0.05000 0.10000 0.15000 0.20000 0.25000 0.30000 0.35000 0.40000 0.45000 0.50000 0.55000 0.60000 0.65000 0.70000 0.75000 0.80000 0.85000 0.90000 0.95000 1.00000
93.12000 93.03000 92.90000 92.91000 92.95000 92.95000 92.95000 93.07000 92.95000 92.79000 92.69000 92.40000 92.06000 91.56000 90.75000 89.77000 88.31000 86.67000 85.43000 82.83000 80.22000
93.12000 92.94000 92.93000 92.94000 92.83000 92.97000 92.95000 93.04000 93.08000 92.83000 92.79000 92.57000 91.98000 91.64000 90.52000 89.63000 88.43000 86.99000 85.35000 82.86000 80.64000
93.12000 93.03000 93.00000 92.82000 92.94000 92.89000 92.98000 93.04000 93.00000 92.90000 92.65000 92.30000 91.99000 91.47000 90.73000 89.55000 88.31000 86.99000 84.80000 82.89000 80.34000
93.12000 92.98000 92.85000 92.96000 92.97000 92.93000 93.03000 93.07000 93.04000 92.81000 92.80000 92.31000 92.02000 91.58000 90.65000 89.82000 88.41000 86.88000 84.88000 83.24000 80.79000
93.12000 93.02000 92.92000 92.94000 92.88000 92.96000 92.95000 92.91000 92.94000 92.93000 92.65000 92.31000 92.09000 91.42000 90.68000 89.33000 88.63000 87.29000 85.23000 83.38000 80.49000
93.12000 93.03000 92.88000 92.89000 92.97000 93.00000 92.99000 92.96000 93.02000 92.98000 92.69000 92.36000 91.92000 91.49000 90.94000 89.70000 88.45000 87.15000 85.28000 82.75000 80.71000
93.12000 92.93000 92.92000 92.88000 92.94000 92.97000 92.96000 93.04000 92.89000 92.80000 92.70000 92.43000 91.98000 91.36000 90.35000 89.94000 88.55000 86.94000 85.03000 82.76000 80.60000
93.12000 93.06000 92.96000 92.98000 92.84000 92.92000 92.95000 92.92000 92.89000 92.76000 92.76000 92.51000 91.82000 91.47000 90.79000 89.66000 88.35000 86.63000 84.98000 82.81000 80.61000
93.12000 92.98000 92.80000 92.90000 92.87000 92.89000 92.99000 93.04000 92.96000 92.79000 92.49000 92.44000 92.04000 91.38000 90.98000 89.74000 88.49000 87.00000 84.82000 82.64000 80.59000
93.12000 93.02000 92.93000 92.94000 92.99000 92.91000 92.98000 92.97000 92.96000 92.88000 92.78000 92.41000 92.07000 91.36000 90.56000 89.62000 88.30000 86.59000 84.90000 82.68000 80.25000
93.12000 92.94000 92.89000 92.84000 92.85000 92.94000 93.09000 92.99000 92.96000 92.88000 92.64000 92.38000 92.20000 91.46000 90.55000 89.86000 88.09000 86.84000 84.98000 83.26000 80.91000
93.12000 93.05000 92.87000 92.94000 92.96000 92.95000 92.96000 93.03000 92.89000 92.85000 92.75000 92.49000 92.26000 91.66000 90.69000 89.62000 88.17000 86.99000 85.23000 82.53000 80.92000
93.12000 92.99000 92.87000 92.97000 92.96000 92.96000 92.98000 92.90000 92.92000 92.92000 92.73000 92.34000 92.04000 91.43000 90.70000 89.60000 88.40000 87.01000 85.09000 83.89000 81.02000
93.12000 92.96000 92.95000 92.95000 92.98000 92.95000 93.04000 93.00000 92.87000 92.86000 92.54000 92.25000 91.86000 91.48000 90.91000 89.64000 88.54000 86.96000 85.17000 83.25000 80.76000
93.12000 92.99000 92.89000 92.92000 92.90000 92.97000 92.92000 92.91000 92.92000 92.86000 92.78000 92.43000 91.86000 91.70000 90.64000 89.50000 88.54000 87.03000 84.85000 83.14000 80.46000
93.12000 92.94000 92.92000 92.92000 92.98000 93.01000 92.99000 93.04000 92.92000 92.96000 92.72000 92.47000 91.97000 91.48000 90.52000 89.62000 88.32000 86.52000 85.67000 82.78000 81.04000
93.12000 93.00000 92.89000 92.96000 92.98000 92.95000 93.08000 92.96000 92.92000 92.86000 92.55000 92.42000 91.83000 91.53000 90.84000 89.87000 88.22000 86.73000 84.79000 82.99000 80.44000
93.12000 92.98000 92.92000 92.88000 92.90000 93.00000 93.06000 93.03000 92.99000 92.89000 92.60000 92.51000 91.93000 91.43000 90.49000 90.04000 88.22000 86.81000 85.03000 83.28000 80.49000
93.12000 93.00000 92.92000 92.88000 92.90000 92.96000 93.01000 92.97000 92.88000 92.87000 92.83000 92.37000 92.32000 91.63000 90.93000 89.43000 88.41000 86.69000 84.90000 82.99000 80.50000
93.12000 92.96000 93.05000 92.90000 92.99000 92.91000 92.97000 92.93000 92.97000 92.84000 92.77000 92.54000 91.92000 91.47000 90.63000 89.65000 88.38000 86.83000 84.95000 83.11000 80.38000
