0.00000 0.05000 0.10000 0.15000 0.20000 0.25000 0.30000 0.35000 0.40000 0.45000 0.50000 0.55000 0.60000 0.65000 0.70000 0.75000 0.80000 0.85000 0.90000 0.95000 1.00000
96.99000 96.94000 96.92000 96.87000 96.75000 96.26000 95.06000 90.83000 84.21000 76.06000 67.44000 59.37000 51.86000 45.12000 39.66000 35.86000 32.56000 29.67000 27.46000 25.08000 23.28000
96.99000 96.94000 96.92000 96.80000 96.70000 96.31000 94.91000 90.82000 84.34000 75.96000 67.27000 59.76000 51.67000 45.11000 39.57000 35.91000 32.35000 29.71000 27.55000 24.86000 23.13000
96.99000 96.92000 96.92000 96.96000 96.76000 96.19000 94.99000 90.80000 84.58000 75.73000 67.66000 59.35000 51.69000 45.09000 40.02000 35.76000 32.48000 29.35000 27.28000 25.17000 23.31000
96.99000 97.01000 96.88000 96.88000 96.80000 96.26000 94.96000 90.87000 83.97000 75.87000 67.39000 59.34000 51.80000 45.42000 40.64000 35.30000 32.19000 29.16000 27.09000 25.13000 23.28000
96.99000 96.93000 96.88000 96.89000 96.88000 96.25000 94.87000 90.54000 84.21000 76.13000 67.71000 59.20000 52.14000 45.30000 39.84000 35.87000 32.46000 29.44000 27.05000 24.97000 23.11000
96.99000 96.96000 96.85000 96.87000 96.82000 96.16000 94.81000 90.98000 83.96000 75.74000 67.89000 58.85000 51.92000 45.12000 40.00000 35.90000 32.36000 29.51000 27.50000 24.87000 23.14000
96.99000 96.91000 96.88000 96.93000 96.81000 96.23000 94.88000 90.84000 84.20000 75.79000 67.36000 59.24000 51.83000 45.27000 39.80000 35.47000 32.63000 29.96000 27.50000 25.56000 23.37000
96.99000 96.97000 96.83000 96.80000 96.76000 96.19000 94.76000 91.15000 84.17000 75.95000 67.85000 59.79000 51.64000 45.46000 39.97000 35.52000 31.84000 29.65000 27.00000 24.84000 23.29000
96.99000 96.94000 96.88000 96.87000 96.83000 96.15000 94.77000 90.85000 84.15000 76.00000 67.81000 59.26000 52.19000 45.28000 39.58000 35.39000 32.28000 29.48000 27.17000 25.02000 23.46000
96.99000 96.96000 96.88000 96.89000 96.86000 96.23000 94.94000 91.02000 84.12000 75.76000 67.41000 59.52000 51.46000 45.36000 40.43000 35.45000 32.20000 29.48000 27.28000 25.07000 23.31000
96.99000 96.88000 96.86000 96.83000 96.73000 96.13000 94.76000 90.90000 84.27000 75.56000 67.68000 59.27000 51.97000 45.29000 40.20000 35.64000 32.16000 29.63000 27.34000 25.33000 23.16000
96.99000 96.98000 96.91000 96.92000 96.81000 96.26000 94.84000 90.88000 83.81000 75.87000 67.27000 59.23000 52.02000 45.66000 39.99000 35.75000 32.34000 29.98000 27.23000 25.02000 23.55000
96.99000 96.94000 96.86000 96.84000 96.78000 96.22000 94.82000 91.07000 83.82000 75.97000 67.60000 59.50000 51.54000 45.18000 39.85000 35.79000 32.43000 29.48000 27.34000 25.23000 23.01000
96.99000 96.95000 96.92000 96.86000 96.84000 96.14000 94.82000 91.04000 84.29000 75.94000 67.64000 59.24000 51.85000 45.38000 40.00000 35.79000 31.94000 29.77000 27.54000 25.01000 23.07000
96.99000 96.91000 96.87000 96.77000 96.61000 96.14000 94.92000 90.70000 83.70000 76.10000 67.47000 59.28000 51.67000 45.15000 39.79000 35.19000 32.29000 28.97000 27.33000 24.98000 23.66000
96.99000 96.98000 96.93000 96.89000 96.77000 96.27000 94.80000 90.86000 83.64000 75.71000 67.50000 59.23000 51.92000 45.26000 40.27000 35.91000 32.46000 29.45000 27.26000 25.21000 23.20000
96.99000 96.93000 96.91000 96.93000 96.72000 96.17000 94.87000 90.91000 83.85000 75.68000 67.88000 59.21000 52.01000 45.63000 40.21000 35.66000 32.67000 29.34000 27.62000 25.03000 23.36000
96.99000 96.94000 96.85000 96.86000 96.79000 96.22000 94.93000 91.00000 83.79000 76.26000 67.56000 59.34000 51.97000 44.86000 40.18000 35.84000 32.55000 29.56000 27.05000 25.25000 23.38000
96.99000 96.95000 96.84000 96.92000 96.78000 96.32000 94.89000 90.68000 83.95000 76.15000 67.25000 58.88000 50.92000 45.79000 39.96000 35.67000 31.83000 29.76000 27.12000 25.47000 23.30000
96.99000 96.89000 96.91000 96.93000 96.70000 96.29000 95.01000 90.71000 84.03000 76.18000 67.58000 59.26000 51.70000 45.37000 39.30000 35.69000 32.45000 29.73000 27.44000 25.39000 23.40000
