# epoch | tr.acc. | te.acc. | tr.loss | te.loss
0.00000 93.48167 93.47000 1.25197 1.24063
1.00000 95.13333 94.96000 0.94260 0.96251
2.00000 95.89833 95.56000 0.81056 0.84813
3.00000 96.30500 95.87000 0.73034 0.77777
4.00000 96.78833 96.23000 0.67335 0.73644
5.00000 97.10833 96.37000 0.62222 0.69488
6.00000 97.37333 96.65000 0.58266 0.65983
7.00000 97.47833 96.74000 0.55735 0.64222
8.00000 97.70167 96.84000 0.53796 0.63223
9.00000 97.73500 96.88000 0.51568 0.61632
10.00000 97.96667 96.91000 0.49443 0.60040
11.00000 97.96500 96.90000 0.47638 0.58792
12.00000 98.08667 96.87000 0.46857 0.58592
13.00000 98.16667 96.97000 0.46652 0.59410
14.00000 98.24333 96.97000 0.45192 0.58546
15.00000 98.34000 97.07000 0.43900 0.57840
16.00000 98.35000 96.93000 0.43542 0.58317
17.00000 98.46500 97.05000 0.41989 0.56876
18.00000 98.42667 96.99000 0.41510 0.56946
19.00000 98.47000 97.06000 0.41156 0.57239
20.00000 98.55333 97.15000 0.39619 0.55889
21.00000 98.59667 97.16000 0.39728 0.56242
22.00000 98.63667 97.09000 0.38931 0.56208
23.00000 98.64333 97.08000 0.37876 0.55599
24.00000 98.65167 97.28000 0.39451 0.57159
25.00000 98.71833 97.07000 0.37774 0.56161
26.00000 98.72000 97.14000 0.36724 0.55468
27.00000 98.76833 97.11000 0.36678 0.56071
28.00000 98.76000 97.10000 0.36322 0.55795
29.00000 98.79500 97.06000 0.35816 0.55497
30.00000 98.78000 97.06000 0.35224 0.55434
31.00000 98.84667 97.11000 0.35726 0.56278
32.00000 98.85167 97.06000 0.34321 0.55064
33.00000 98.86833 96.93000 0.34663 0.56625
34.00000 98.89667 97.00000 0.34009 0.55898
35.00000 98.92667 97.05000 0.33557 0.55856
36.00000 98.94500 97.09000 0.33403 0.55446
37.00000 98.94000 96.97000 0.34117 0.56752
38.00000 98.96333 97.03000 0.34049 0.57009
39.00000 98.97833 97.01000 0.32726 0.56101
40.00000 99.02500 97.06000 0.32461 0.55942
41.00000 99.01167 97.01000 0.32847 0.56627
42.00000 99.02333 96.98000 0.31945 0.55891
43.00000 99.04500 97.01000 0.31884 0.56305
44.00000 99.04000 96.95000 0.31666 0.56706
45.00000 99.01667 96.87000 0.31602 0.56554
46.00000 99.07333 97.02000 0.31067 0.55872
47.00000 99.10167 96.99000 0.31168 0.56984
48.00000 99.07333 97.05000 0.31042 0.56623
49.00000 99.08833 96.99000 0.30421 0.56359
