0.00000 0.05000 0.10000 0.15000 0.20000 0.25000 0.30000 0.35000 0.40000 0.45000 0.50000 0.55000 0.60000 0.65000 0.70000 0.75000 0.80000 0.85000 0.90000 0.95000 1.00000
92.99000 92.79000 92.94000 92.72000 92.88000 92.94000 92.91000 92.79000 92.72000 92.46000 92.24000 91.60000 91.15000 89.82000 88.48000 86.18000 83.75000 80.85000 77.23000 73.29000 68.86000
92.99000 92.85000 92.87000 92.85000 92.81000 92.92000 92.87000 92.80000 92.66000 92.43000 92.19000 91.84000 90.87000 89.90000 88.13000 86.26000 83.41000 80.61000 76.67000 73.49000 69.21000
92.99000 92.92000 92.78000 92.89000 92.98000 92.83000 92.93000 92.85000 92.55000 92.59000 92.22000 91.74000 90.79000 90.04000 88.52000 86.40000 83.43000 81.05000 76.74000 73.22000 68.72000
92.99000 92.85000 92.79000 92.73000 92.85000 92.93000 92.92000 92.86000 92.70000 92.50000 92.30000 91.75000 90.87000 89.90000 88.29000 85.91000 83.63000 80.78000 77.35000 73.23000 69.57000
92.99000 92.75000 92.85000 92.91000 92.88000 92.94000 92.87000 92.73000 92.70000 92.56000 92.37000 91.70000 90.99000 90.05000 88.16000 86.42000 83.81000 80.56000 77.35000 73.93000 69.30000
92.99000 92.85000 92.83000 92.84000 92.82000 92.79000 92.84000 92.89000 92.71000 92.41000 92.18000 91.84000 90.79000 89.93000 88.26000 86.44000 82.66000 80.06000 77.01000 73.08000 68.46000
92.99000 92.88000 92.77000 92.82000 92.89000 92.81000 92.87000 92.81000 92.70000 92.57000 92.30000 91.53000 91.21000 89.95000 88.19000 86.16000 83.76000 80.64000 77.43000 74.23000 69.21000
92.99000 92.89000 92.74000 92.82000 92.90000 92.92000 92.96000 92.88000 92.78000 92.64000 92.10000 91.74000 91.15000 89.80000 88.52000 85.69000 83.77000 80.85000 76.98000 73.50000 69.01000
92.99000 92.83000 92.78000 92.84000 92.90000 92.88000 92.91000 92.81000 92.83000 92.55000 92.24000 91.63000 91.07000 89.72000 88.08000 86.47000 84.16000 80.79000 76.90000 73.44000 69.08000
92.99000 92.93000 92.80000 92.79000 92.87000 92.90000 92.91000 92.74000 92.80000 92.51000 92.14000 91.82000 90.79000 89.78000 87.86000 86.29000 83.46000 80.97000 77.21000 73.67000 69.02000
92.99000 92.82000 92.77000 92.88000 92.90000 92.91000 93.00000 92.91000 92.86000 92.63000 92.04000 91.80000 90.86000 89.79000 88.31000 86.42000 83.18000 80.57000 76.97000 73.06000 68.91000
92.99000 92.86000 92.86000 92.79000 92.82000 92.88000 92.80000 92.80000 92.65000 92.63000 92.10000 91.52000 90.99000 89.88000 88.46000 85.95000 83.52000 80.45000 77.25000 73.30000 68.98000
92.99000 92.96000 92.82000 92.74000 92.97000 92.84000 92.87000 92.87000 92.70000 92.61000 92.26000 91.79000 90.93000 89.72000 88.34000 86.46000 84.12000 80.87000 76.92000 73.71000 69.35000
92.99000 92.90000 92.90000 92.86000 92.89000 92.90000 92.91000 92.92000 92.65000 92.58000 92.20000 91.84000 91.16000 89.91000 88.79000 86.59000 83.75000 80.55000 76.86000 74.32000 68.78000
92.99000 92.90000 92.81000 92.86000 92.92000 92.89000 92.85000 92.75000 92.66000 92.56000 92.35000 91.72000 90.98000 89.71000 88.46000 86.14000 83.77000 80.28000 77.33000 73.45000 68.79000
92.99000 92.84000 92.79000 92.91000 92.88000 92.85000 92.95000 92.99000 92.82000 92.58000 92.33000 91.66000 90.96000 89.72000 88.58000 86.20000 83.18000 80.48000 77.02000 73.20000 69.15000
92.99000 93.01000 92.82000 92.82000 92.78000 92.87000 92.89000 92.93000 92.74000 92.59000 92.16000 91.71000 91.02000 89.64000 88.21000 86.07000 83.18000 80.55000 77.03000 73.44000 69.45000
92.99000 92.85000 92.83000 92.77000 92.79000 92.90000 92.85000 92.81000 92.84000 92.52000 92.16000 91.91000 90.78000 89.74000 88.23000 86.04000 83.42000 80.30000 77.35000 72.66000 68.73000
92.99000 92.82000 92.80000 92.91000 92.91000 92.88000 92.84000 92.92000 92.68000 92.63000 92.20000 91.79000 90.83000 90.03000 88.36000 86.08000 83.81000 80.66000 77.34000 73.35000 68.95000
92.99000 92.87000 92.76000 92.93000 92.82000 92.86000 92.84000 92.71000 92.75000 92.59000 92.24000 91.79000 90.92000 89.90000 88.17000 86.19000 83.56000 80.81000 76.82000 73.12000 68.95000
