0.00000 0.05000 0.10000 0.15000 0.20000 0.25000 0.30000 0.35000 0.40000 0.45000 0.50000 0.55000 0.60000 0.65000 0.70000 0.75000 0.80000 0.85000 0.90000 0.95000 1.00000
96.93000 96.78000 96.76000 96.73000 96.79000 96.63000 96.35000 95.76000 94.57000 92.15000 88.56000 84.77000 81.21000 76.91000 72.04000 66.09000 59.99000 53.84000 48.91000 44.30000 40.95000
96.93000 96.86000 96.80000 96.73000 96.79000 96.62000 96.28000 95.60000 94.47000 92.13000 88.68000 84.64000 80.80000 76.51000 71.78000 65.70000 59.60000 54.26000 49.27000 44.79000 41.45000
96.93000 96.77000 96.84000 96.87000 96.73000 96.52000 96.21000 95.75000 94.50000 92.25000 88.56000 84.52000 80.93000 76.76000 72.01000 66.18000 59.88000 54.08000 48.44000 44.69000 40.60000
96.93000 96.89000 96.77000 96.71000 96.72000 96.54000 96.30000 95.59000 94.34000 91.84000 88.30000 84.78000 80.98000 76.88000 71.88000 66.11000 60.07000 53.37000 49.19000 44.70000 40.88000
96.93000 96.83000 96.84000 96.75000 96.71000 96.69000 96.20000 95.67000 94.52000 92.08000 88.33000 84.63000 81.02000 76.88000 72.01000 66.19000 59.33000 54.17000 49.36000 44.98000 40.94000
96.93000 96.73000 96.80000 96.85000 96.72000 96.70000 96.38000 95.65000 94.60000 92.05000 88.22000 84.51000 81.19000 76.83000 71.54000 66.07000 60.25000 53.60000 48.74000 44.63000 41.16000
96.93000 96.77000 96.77000 96.81000 96.68000 96.61000 96.23000 95.69000 94.38000 92.05000 88.45000 84.79000 81.20000 76.79000 71.66000 65.60000 59.85000 53.69000 48.89000 44.08000 40.93000
96.93000 96.81000 96.79000 96.71000 96.73000 96.62000 96.21000 95.74000 94.52000 92.12000 88.50000 84.71000 81.00000 76.52000 71.25000 65.83000 59.74000 53.74000 48.35000 44.50000 40.86000
96.93000 96.77000 96.72000 96.75000 96.72000 96.72000 96.37000 95.68000 94.51000 92.08000 88.18000 84.73000 80.85000 76.84000 71.91000 66.45000 59.98000 54.07000 49.61000 44.37000 40.60000
96.93000 96.83000 96.83000 96.72000 96.64000 96.55000 96.32000 95.81000 94.73000 91.61000 88.11000 85.06000 81.09000 76.89000 72.29000 66.01000 59.35000 53.67000 48.90000 43.84000 40.95000
96.93000 96.80000 96.80000 96.71000 96.75000 96.62000 96.31000 95.76000 94.33000 91.91000 88.39000 84.81000 81.12000 76.80000 71.28000 66.10000 60.04000 54.25000 49.22000 44.18000 40.70000
96.93000 96.84000 96.76000 96.70000 96.68000 96.63000 96.39000 95.90000 94.45000 92.23000 88.65000 84.77000 80.97000 76.49000 71.77000 65.53000 60.10000 54.00000 48.87000 44.48000 40.79000
96.93000 96.85000 96.71000 96.78000 96.88000 96.73000 96.19000 95.63000 94.49000 92.18000 88.66000 84.93000 81.16000 76.53000 71.74000 65.84000 60.00000 54.15000 48.69000 44.29000 40.62000
96.93000 96.78000 96.77000 96.74000 96.71000 96.57000 96.36000 95.58000 94.60000 92.11000 88.37000 84.68000 80.77000 76.81000 71.68000 66.21000 59.82000 53.68000 48.77000 44.67000 41.01000
96.93000 96.82000 96.80000 96.79000 96.75000 96.64000 96.23000 95.89000 94.66000 91.99000 88.53000 84.81000 81.13000 76.43000 71.74000 66.00000 60.28000 53.73000 48.81000 44.82000 40.60000
96.93000 96.81000 96.79000 96.70000 96.77000 96.62000 96.26000 95.76000 94.63000 91.98000 88.78000 84.52000 80.73000 76.74000 71.64000 66.09000 59.72000 53.81000 49.14000 44.06000 40.35000
96.93000 96.78000 96.78000 96.82000 96.73000 96.58000 96.44000 95.82000 94.69000 91.99000 88.14000 84.58000 80.98000 76.81000 71.38000 65.98000 59.89000 53.99000 49.55000 44.36000 41.02000
96.93000 96.84000 96.79000 96.83000 96.83000 96.65000 96.28000 95.84000 94.57000 92.17000 88.51000 84.64000 80.87000 76.75000 71.82000 65.91000 59.85000 54.69000 48.84000 44.78000 40.42000
96.93000 96.77000 96.74000 96.80000 96.76000 96.56000 96.42000 95.71000 94.46000 92.20000 88.35000 84.79000 81.16000 76.94000 71.80000 66.28000 59.52000 53.68000 48.86000 44.56000 40.27000
96.93000 96.80000 96.81000 96.72000 96.80000 96.64000 96.52000 95.76000 94.68000 91.91000 88.26000 84.54000 81.13000 76.41000 71.74000 66.14000 60.07000 54.51000 48.52000 44.76000 40.96000
