0.00000 0.05000 0.10000 0.15000 0.20000 0.25000 0.30000 0.35000 0.40000 0.45000 0.50000 0.55000 0.60000 0.65000 0.70000 0.75000 0.80000 0.85000 0.90000 0.95000 1.00000
92.72000 92.58000 92.49000 92.52000 92.54000 92.50000 92.45000 92.50000 92.54000 92.54000 92.64000 92.53000 92.62000 92.69000 92.67000 92.61000 92.73000 92.80000 92.76000 92.86000 92.72000
92.72000 92.61000 92.51000 92.60000 92.53000 92.44000 92.50000 92.47000 92.47000 92.57000 92.58000 92.59000 92.72000 92.58000 92.67000 92.72000 92.67000 92.72000 92.70000 92.80000 92.78000
92.72000 92.53000 92.53000 92.47000 92.49000 92.49000 92.62000 92.57000 92.48000 92.59000 92.54000 92.54000 92.64000 92.69000 92.80000 92.62000 92.78000 92.64000 92.75000 92.77000 92.75000
92.72000 92.51000 92.50000 92.56000 92.53000 92.61000 92.51000 92.55000 92.51000 92.55000 92.52000 92.67000 92.60000 92.64000 92.64000 92.70000 92.75000 92.77000 92.66000 92.67000 92.76000
92.72000 92.54000 92.47000 92.49000 92.44000 92.45000 92.51000 92.49000 92.44000 92.65000 92.66000 92.67000 92.58000 92.63000 92.59000 92.74000 92.80000 92.72000 92.78000 92.70000 92.76000
92.72000 92.56000 92.48000 92.51000 92.49000 92.48000 92.43000 92.49000 92.54000 92.57000 92.61000 92.60000 92.66000 92.61000 92.64000 92.67000 92.71000 92.79000 92.83000 92.74000 92.89000
92.72000 92.61000 92.44000 92.37000 92.51000 92.50000 92.44000 92.49000 92.57000 92.56000 92.67000 92.56000 92.56000 92.57000 92.64000 92.65000 92.74000 92.59000 92.72000 92.65000 92.79000
92.72000 92.53000 92.54000 92.48000 92.48000 92.45000 92.51000 92.44000 92.54000 92.54000 92.61000 92.55000 92.67000 92.62000 92.69000 92.72000 92.69000 92.73000 92.69000 92.80000 92.71000
92.72000 92.56000 92.49000 92.41000 92.49000 92.50000 92.47000 92.52000 92.48000 92.56000 92.64000 92.61000 92.64000 92.63000 92.61000 92.62000 92.69000 92.70000 92.74000 92.67000 92.76000
92.72000 92.60000 92.54000 92.51000 92.48000 92.46000 92.52000 92.51000 92.59000 92.50000 92.64000 92.68000 92.57000 92.70000 92.59000 92.72000 92.83000 92.74000 92.70000 92.72000 92.72000
92.72000 92.59000 92.50000 92.46000 92.57000 92.46000 92.53000 92.57000 92.71000 92.57000 92.60000 92.57000 92.53000 92.71000 92.58000 92.79000 92.66000 92.75000 92.92000 92.85000 92.81000
92.72000 92.60000 92.49000 92.45000 92.49000 92.46000 92.47000 92.52000 92.53000 92.62000 92.58000 92.56000 92.69000 92.68000 92.70000 92.84000 92.71000 92.72000 92.71000 92.77000 92.75000
92.72000 92.62000 92.45000 92.53000 92.39000 92.49000 92.50000 92.46000 92.52000 92.53000 92.63000 92.64000 92.64000 92.60000 92.66000 92.70000 92.73000 92.70000 92.78000 92.64000 92.64000
92.72000 92.59000 92.52000 92.51000 92.48000 92.48000 92.50000 92.48000 92.48000 92.52000 92.57000 92.63000 92.60000 92.60000 92.69000 92.68000 92.78000 92.66000 92.92000 92.74000 92.90000
92.72000 92.54000 92.48000 92.58000 92.48000 92.45000 92.53000 92.45000 92.52000 92.61000 92.67000 92.58000 92.61000 92.64000 92.66000 92.67000 92.76000 92.77000 92.85000 92.70000 92.81000
92.72000 92.56000 92.45000 92.48000 92.40000 92.51000 92.56000 92.56000 92.55000 92.58000 92.62000 92.69000 92.58000 92.58000 92.72000 92.74000 92.87000 92.74000 92.80000 92.73000 92.74000
92.72000 92.56000 92.56000 92.52000 92.51000 92.53000 92.51000 92.56000 92.52000 92.60000 92.57000 92.69000 92.65000 92.63000 92.67000 92.64000 92.70000 92.76000 92.81000 92.85000 92.76000
92.72000 92.55000 92.46000 92.49000 92.42000 92.51000 92.42000 92.62000 92.51000 92.63000 92.60000 92.60000 92.72000 92.55000 92.66000 92.80000 92.69000 92.77000 92.76000 92.76000 92.77000
92.72000 92.55000 92.51000 92.50000 92.51000 92.54000 92.57000 92.55000 92.58000 92.56000 92.59000 92.62000 92.67000 92.66000 92.69000 92.66000 92.71000 92.75000 92.72000 92.68000 92.83000
92.72000 92.61000 92.52000 92.59000 92.43000 92.47000 92.51000 92.50000 92.60000 92.58000 92.63000 92.52000 92.52000 92.66000 92.64000 92.65000 92.61000 92.77000 92.74000 92.80000 92.80000
