0.00000 0.05000 0.10000 0.15000 0.20000 0.25000 0.30000 0.35000 0.40000 0.45000 0.50000 0.55000 0.60000 0.65000 0.70000 0.75000 0.80000 0.85000 0.90000 0.95000 1.00000
92.72000 92.53000 92.49000 92.52000 92.56000 92.60000 92.57000 92.50000 92.35000 91.97000 91.65000 91.12000 90.24000 88.95000 87.09000 83.88000 79.99000 75.80000 71.13000 67.60000 64.80000
92.72000 92.56000 92.52000 92.53000 92.48000 92.58000 92.63000 92.57000 92.29000 92.19000 91.74000 91.24000 90.42000 89.20000 86.91000 83.90000 79.84000 76.11000 71.64000 67.86000 64.74000
92.72000 92.53000 92.54000 92.54000 92.40000 92.57000 92.44000 92.54000 92.38000 91.88000 91.64000 91.19000 90.43000 89.03000 86.66000 84.10000 80.29000 76.00000 71.54000 67.16000 64.32000
92.72000 92.55000 92.53000 92.43000 92.65000 92.48000 92.48000 92.44000 92.39000 92.15000 91.78000 91.02000 90.45000 88.90000 86.63000 83.96000 80.01000 75.96000 71.33000 67.43000 64.41000
92.72000 92.60000 92.48000 92.46000 92.43000 92.56000 92.47000 92.41000 92.24000 91.99000 91.82000 91.10000 90.33000 88.91000 86.70000 83.81000 79.95000 75.52000 71.44000 67.82000 64.22000
92.72000 92.53000 92.49000 92.55000 92.54000 92.59000 92.58000 92.38000 92.33000 92.04000 91.69000 91.07000 90.35000 88.87000 86.75000 84.03000 80.12000 75.82000 70.91000 67.67000 64.36000
92.72000 92.50000 92.52000 92.45000 92.41000 92.54000 92.63000 92.45000 92.22000 92.08000 91.74000 90.96000 90.13000 89.04000 87.27000 84.11000 80.25000 75.56000 71.59000 67.59000 64.50000
92.72000 92.54000 92.42000 92.43000 92.56000 92.60000 92.62000 92.54000 92.31000 91.90000 91.75000 91.25000 90.25000 89.06000 87.11000 83.81000 80.35000 75.95000 71.24000 67.48000 64.49000
92.72000 92.56000 92.50000 92.51000 92.56000 92.64000 92.43000 92.44000 92.23000 92.09000 91.77000 91.10000 90.21000 88.72000 87.05000 83.78000 79.63000 75.62000 71.30000 68.33000 64.43000
92.72000 92.53000 92.48000 92.45000 92.46000 92.56000 92.53000 92.44000 92.30000 92.08000 91.86000 91.25000 90.39000 88.68000 86.94000 84.20000 79.97000 75.77000 71.52000 67.52000 64.23000
92.72000 92.52000 92.54000 92.49000 92.46000 92.51000 92.55000 92.54000 92.22000 92.14000 91.58000 91.23000 90.19000 88.96000 86.77000 84.00000 80.28000 76.14000 71.56000 68.00000 64.18000
92.72000 92.66000 92.60000 92.48000 92.57000 92.49000 92.58000 92.49000 92.36000 92.03000 91.58000 91.12000 90.57000 89.16000 87.17000 83.74000 80.12000 75.43000 71.20000 67.41000 64.27000
92.72000 92.52000 92.47000 92.48000 92.47000 92.58000 92.50000 92.46000 92.25000 92.11000 91.95000 90.95000 90.34000 88.96000 86.67000 84.13000 80.60000 75.75000 71.98000 67.33000 64.55000
92.72000 92.52000 92.48000 92.53000 92.54000 92.56000 92.57000 92.58000 92.32000 92.00000 91.64000 91.11000 90.23000 89.10000 87.04000 84.20000 80.34000 75.84000 72.15000 67.82000 64.38000
92.72000 92.55000 92.46000 92.49000 92.46000 92.68000 92.54000 92.42000 92.28000 92.08000 91.69000 91.16000 90.40000 89.11000 86.92000 84.21000 80.06000 75.29000 71.02000 67.35000 64.24000
92.72000 92.52000 92.51000 92.58000 92.46000 92.54000 92.61000 92.41000 92.42000 92.07000 91.77000 91.44000 90.40000 89.07000 86.91000 83.86000 80.35000 75.83000 71.42000 67.57000 64.51000
92.72000 92.53000 92.49000 92.57000 92.51000 92.62000 92.58000 92.49000 92.37000 92.28000 91.68000 91.14000 90.24000 89.25000 86.81000 83.68000 80.51000 75.27000 71.37000 67.76000 64.65000
92.72000 92.63000 92.52000 92.46000 92.53000 92.61000 92.54000 92.53000 92.36000 92.17000 91.77000 91.06000 90.18000 89.10000 86.92000 84.09000 79.94000 75.90000 71.56000 67.53000 64.43000
92.72000 92.54000 92.44000 92.47000 92.52000 92.53000 92.54000 92.44000 92.35000 92.05000 91.69000 91.09000 90.41000 88.94000 87.06000 83.96000 80.09000 75.85000 71.20000 67.74000 64.37000
92.72000 92.55000 92.40000 92.61000 92.59000 92.61000 92.62000 92.58000 92.36000 92.06000 91.72000 91.38000 90.44000 88.99000 86.93000 83.74000 80.08000 75.68000 71.44000 67.70000 64.20000
