0.00000 0.05000 0.10000 0.15000 0.20000 0.25000 0.30000 0.35000 0.40000 0.45000 0.50000 0.55000 0.60000 0.65000 0.70000 0.75000 0.80000 0.85000 0.90000 0.95000 1.00000
92.72000 92.79000 92.80000 92.81000 92.80000 92.80000 92.83000 92.86000 92.81000 92.89000 92.86000 92.90000 92.93000 92.85000 92.98000 92.93000 92.82000 92.81000 92.97000 93.04000 93.01000
92.72000 92.76000 92.77000 92.84000 92.78000 92.80000 92.87000 92.88000 92.86000 92.81000 92.80000 92.84000 92.94000 92.89000 92.87000 92.92000 92.86000 92.80000 92.89000 92.89000 92.92000
92.72000 92.80000 92.82000 92.70000 92.88000 92.88000 92.77000 92.85000 92.78000 92.80000 92.83000 92.86000 92.89000 92.89000 92.89000 92.92000 92.90000 92.91000 92.89000 92.81000 92.87000
92.72000 92.82000 92.87000 92.76000 92.82000 92.84000 92.78000 92.84000 92.86000 92.91000 92.84000 92.93000 92.85000 92.91000 92.83000 92.83000 93.02000 92.97000 92.91000 92.92000 92.79000
92.72000 92.75000 92.85000 92.81000 92.83000 92.76000 92.88000 92.89000 92.85000 92.80000 92.92000 92.83000 92.93000 92.79000 92.78000 92.90000 92.76000 92.88000 92.93000 92.88000 92.74000
92.72000 92.82000 92.76000 92.76000 92.81000 92.85000 92.92000 92.90000 92.83000 92.85000 92.80000 92.87000 92.81000 92.85000 92.94000 92.78000 92.90000 92.82000 92.82000 92.87000 92.85000
92.72000 92.75000 92.82000 92.80000 92.77000 92.78000 92.88000 92.80000 92.89000 92.89000 92.89000 92.83000 92.96000 92.84000 92.87000 92.90000 92.90000 92.93000 92.94000 92.93000 92.85000
92.72000 92.79000 92.80000 92.88000 92.82000 92.76000 92.74000 92.84000 92.84000 92.92000 92.83000 92.87000 92.74000 92.84000 92.80000 92.81000 92.90000 92.89000 92.87000 92.87000 92.90000
92.72000 92.84000 92.84000 92.82000 92.85000 92.80000 92.83000 92.81000 92.86000 92.89000 92.92000 92.84000 92.83000 92.73000 92.87000 92.94000 92.85000 92.93000 92.92000 92.85000 92.85000
92.72000 92.81000 92.82000 92.86000 92.84000 92.85000 92.89000 92.80000 92.89000 92.79000 92.94000 92.96000 92.97000 92.86000 92.90000 92.85000 92.96000 92.90000 92.90000 92.88000 92.80000
92.72000 92.80000 92.81000 92.82000 92.86000 92.93000 92.82000 92.86000 92.94000 92.80000 92.92000 92.92000 92.86000 92.85000 92.96000 92.99000 92.88000 92.96000 92.98000 92.85000 92.87000
92.72000 92.80000 92.81000 92.81000 92.86000 92.80000 92.86000 92.83000 92.83000 92.74000 92.87000 92.79000 92.92000 92.85000 92.83000 92.88000 92.87000 92.89000 92.89000 92.89000 92.88000
92.72000 92.82000 92.80000 92.81000 92.83000 92.94000 92.88000 92.88000 92.89000 92.90000 92.83000 92.87000 92.85000 92.90000 92.91000 92.84000 92.94000 92.89000 92.86000 92.93000 92.86000
92.72000 92.78000 92.78000 92.84000 92.82000 92.82000 92.84000 92.82000 92.90000 92.91000 92.85000 92.85000 92.87000 92.82000 92.82000 92.83000 92.89000 92.88000 92.83000 92.79000 92.81000
92.72000 92.72000 92.75000 92.77000 92.88000 92.88000 92.79000 92.92000 92.82000 92.85000 92.87000 92.91000 92.78000 92.87000 92.84000 92.95000 92.85000 92.88000 92.83000 92.88000 92.97000
92.72000 92.79000 92.77000 92.74000 92.78000 92.80000 92.91000 92.87000 92.91000 92.91000 92.82000 92.82000 92.89000 92.84000 92.75000 92.99000 92.91000 92.87000 92.82000 92.91000 92.88000
92.72000 92.78000 92.76000 92.83000 92.83000 92.73000 92.80000 92.80000 92.84000 92.91000 92.80000 92.85000 92.87000 92.85000 92.88000 92.86000 92.95000 92.76000 92.71000 92.96000 92.85000
92.72000 92.79000 92.74000 92.81000 92.79000 92.87000 92.86000 92.91000 92.85000 92.86000 92.93000 92.83000 92.88000 92.82000 92.93000 92.76000 92.84000 92.76000 92.89000 92.91000 92.91000
92.72000 92.82000 92.78000 92.76000 92.80000 92.91000 92.78000 92.90000 92.86000 92.82000 92.80000 92.92000 92.86000 92.82000 92.87000 92.90000 92.86000 92.82000 92.82000 92.91000 93.00000
92.72000 92.86000 92.76000 92.87000 92.87000 92.83000 92.86000 92.86000 92.78000 92.87000 92.95000 92.93000 92.85000 92.78000 92.97000 93.01000 92.93000 92.91000 92.89000 92.88000 92.92000
