0.00000 0.05000 0.10000 0.15000 0.20000 0.25000 0.30000 0.35000 0.40000 0.45000 0.50000 0.55000 0.60000 0.65000 0.70000 0.75000 0.80000 0.85000 0.90000 0.95000 1.00000
96.82000 96.83000 96.81000 96.85000 96.67000 96.55000 96.45000 96.28000 96.18000 96.01000 95.58000 95.56000 95.08000 94.87000 94.49000 94.14000 93.84000 93.46000 92.52000 92.37000 91.65000
96.82000 96.84000 96.86000 96.71000 96.75000 96.80000 96.44000 96.38000 95.96000 95.85000 95.68000 95.49000 95.07000 94.90000 94.51000 94.26000 93.65000 93.48000 92.90000 92.39000 91.72000
96.82000 96.84000 96.91000 96.75000 96.71000 96.77000 96.59000 96.39000 96.11000 95.93000 95.67000 95.47000 95.01000 94.73000 94.38000 94.07000 93.91000 93.49000 92.81000 92.46000 91.92000
96.82000 96.81000 96.84000 96.75000 96.70000 96.64000 96.42000 96.36000 96.10000 95.95000 95.61000 95.38000 95.15000 94.82000 94.31000 94.16000 93.59000 93.21000 92.76000 92.10000 92.04000
96.82000 96.84000 96.89000 96.85000 96.78000 96.71000 96.57000 96.32000 96.14000 96.00000 95.58000 95.22000 95.13000 94.70000 94.48000 94.03000 93.92000 93.51000 92.87000 92.44000 91.95000
96.82000 96.80000 96.89000 96.87000 96.76000 96.62000 96.42000 96.35000 96.15000 95.91000 95.70000 95.45000 95.20000 94.83000 94.53000 93.94000 93.58000 93.25000 92.83000 92.33000 91.79000
96.82000 96.79000 96.83000 96.85000 96.64000 96.66000 96.55000 96.29000 96.32000 95.97000 95.68000 95.38000 95.07000 94.80000 94.33000 94.04000 93.53000 93.21000 92.52000 92.47000 91.88000
96.82000 96.85000 96.81000 96.82000 96.66000 96.63000 96.48000 96.34000 96.22000 95.98000 95.73000 95.50000 95.19000 94.70000 94.70000 94.25000 93.48000 93.24000 92.80000 92.15000 92.05000
96.82000 96.84000 96.78000 96.78000 96.66000 96.38000 96.44000 96.44000 96.12000 95.79000 95.42000 95.25000 95.15000 94.75000 94.55000 93.84000 93.47000 93.14000 92.88000 92.39000 91.64000
96.82000 96.82000 96.83000 96.84000 96.75000 96.65000 96.44000 96.37000 96.04000 95.88000 95.78000 95.44000 95.15000 94.69000 94.63000 93.84000 93.62000 93.18000 92.77000 92.36000 91.97000
96.82000 96.88000 96.76000 96.88000 96.71000 96.69000 96.44000 96.26000 96.21000 95.82000 95.73000 95.37000 95.27000 94.77000 94.32000 93.93000 93.79000 93.26000 92.64000 92.33000 91.95000
96.82000 96.85000 96.89000 96.84000 96.80000 96.60000 96.43000 96.36000 96.10000 96.03000 95.74000 95.39000 95.12000 94.80000 94.44000 94.09000 93.84000 93.30000 92.89000 92.47000 91.91000
96.82000 96.88000 96.83000 96.77000 96.71000 96.49000 96.44000 96.39000 96.19000 95.86000 95.61000 95.52000 95.09000 94.77000 94.42000 94.21000 93.50000 92.95000 92.79000 92.42000 91.84000
96.82000 96.84000 96.82000 96.77000 96.72000 96.55000 96.45000 96.45000 96.21000 96.00000 95.69000 95.46000 95.21000 94.71000 94.30000 94.12000 93.38000 92.95000 92.89000 92.48000 91.88000
96.82000 96.84000 96.82000 96.79000 96.75000 96.69000 96.52000 96.26000 96.14000 95.97000 95.55000 95.37000 95.00000 94.93000 94.24000 94.15000 93.79000 93.34000 92.63000 92.16000 91.73000
96.82000 96.88000 96.84000 96.78000 96.70000 96.57000 96.46000 96.30000 96.15000 95.91000 95.75000 95.53000 95.22000 94.67000 94.45000 94.06000 93.70000 92.88000 92.70000 92.23000 91.82000
96.82000 96.85000 96.87000 96.77000 96.69000 96.59000 96.48000 96.35000 96.04000 95.99000 95.61000 95.32000 95.05000 94.86000 94.51000 94.22000 93.51000 93.01000 92.93000 92.20000 91.97000
96.82000 96.89000 96.79000 96.80000 96.82000 96.67000 96.61000 96.49000 96.21000 95.88000 95.48000 95.33000 94.98000 94.75000 94.29000 94.32000 93.62000 93.08000 92.84000 92.23000 91.57000
96.82000 96.85000 96.86000 96.78000 96.66000 96.60000 96.46000 96.34000 96.23000 95.99000 95.55000 95.45000 95.14000 94.83000 94.34000 94.04000 93.60000 92.96000 92.68000 92.37000 91.85000
96.82000 96.81000 96.86000 96.77000 96.80000 96.59000 96.44000 96.37000 96.04000 95.91000 95.73000 95.53000 95.06000 94.67000 94.28000 94.15000 93.67000 93.39000 92.75000 92.29000 91.82000
