0.00000 0.05000 0.10000 0.15000 0.20000 0.25000 0.30000 0.35000 0.40000 0.45000 0.50000 0.55000 0.60000 0.65000 0.70000 0.75000 0.80000 0.85000 0.90000 0.95000 1.00000
97.16000 97.13000 97.07000 97.02000 96.85000 96.68000 96.57000 96.51000 96.11000 95.86000 95.37000 94.84000 94.57000 94.34000 93.63000 92.85000 92.25000 91.60000 91.07000 90.89000 89.72000
97.16000 97.11000 97.04000 97.05000 96.93000 96.87000 96.44000 96.39000 96.09000 95.79000 95.39000 95.02000 94.75000 94.22000 93.23000 92.97000 92.22000 91.63000 90.75000 90.29000 89.70000
97.16000 97.07000 97.12000 96.96000 96.91000 96.67000 96.54000 96.37000 96.00000 95.66000 95.31000 94.90000 94.85000 94.13000 93.47000 92.89000 92.15000 91.86000 91.24000 90.51000 89.69000
97.16000 97.12000 97.11000 97.10000 96.88000 96.74000 96.52000 96.45000 96.10000 95.68000 95.67000 94.98000 94.59000 94.05000 93.51000 93.23000 92.10000 91.90000 91.08000 90.24000 89.46000
97.16000 97.08000 97.16000 96.95000 96.97000 96.71000 96.66000 96.32000 96.05000 95.82000 95.33000 95.01000 94.61000 93.93000 93.46000 93.00000 92.51000 91.54000 90.69000 90.44000 89.55000
97.16000 97.19000 97.11000 97.01000 96.75000 96.78000 96.44000 96.30000 96.19000 95.79000 95.44000 95.02000 94.65000 93.83000 93.42000 93.11000 92.41000 92.13000 90.66000 90.19000 89.37000
97.16000 97.11000 97.09000 96.93000 96.85000 96.69000 96.65000 96.27000 96.13000 95.87000 95.52000 94.95000 94.37000 94.10000 93.56000 92.98000 92.14000 91.37000 91.11000 90.30000 89.70000
97.16000 97.17000 97.15000 97.06000 96.89000 96.72000 96.53000 96.43000 96.05000 95.65000 95.46000 95.02000 94.54000 94.08000 93.59000 92.87000 92.40000 91.44000 91.38000 90.41000 89.96000
97.16000 97.10000 97.16000 97.01000 96.79000 96.73000 96.70000 96.34000 96.23000 95.69000 95.42000 95.03000 94.48000 94.02000 93.53000 93.07000 92.25000 91.45000 90.94000 90.38000 89.63000
97.16000 97.18000 97.10000 96.96000 96.89000 96.71000 96.60000 96.40000 96.05000 95.91000 95.33000 95.19000 94.58000 94.12000 93.44000 93.03000 92.57000 91.54000 91.12000 90.49000 89.97000
97.16000 97.16000 97.10000 97.04000 96.95000 96.78000 96.67000 96.37000 95.91000 95.79000 95.44000 95.13000 94.70000 94.22000 93.68000 92.79000 92.55000 91.78000 91.23000 90.42000 89.62000
97.16000 97.09000 97.11000 97.05000 96.92000 96.73000 96.63000 96.43000 96.10000 95.83000 95.56000 95.14000 94.69000 94.20000 93.68000 93.07000 92.18000 91.51000 91.10000 90.43000 89.33000
97.16000 97.14000 97.10000 97.03000 96.88000 96.73000 96.67000 96.30000 96.04000 95.78000 95.49000 94.87000 94.47000 93.99000 93.45000 92.83000 92.19000 91.72000 90.92000 90.34000 89.96000
97.16000 97.21000 97.13000 97.06000 96.94000 96.76000 96.59000 96.23000 96.14000 95.80000 95.44000 95.02000 94.51000 93.91000 93.45000 92.98000 92.45000 91.40000 90.96000 90.11000 89.91000
97.16000 97.12000 97.14000 97.03000 96.96000 96.74000 96.68000 96.29000 96.22000 95.73000 95.34000 95.25000 94.47000 93.94000 93.40000 92.81000 92.20000 91.52000 90.99000 90.49000 89.69000
97.16000 97.09000 97.06000 97.08000 96.95000 96.68000 96.61000 96.27000 96.16000 95.87000 95.30000 94.74000 94.37000 93.89000 93.35000 92.99000 92.01000 91.80000 91.17000 90.50000 89.67000
97.16000 97.13000 97.09000 97.08000 96.97000 96.77000 96.66000 96.33000 96.00000 95.85000 95.31000 94.92000 94.58000 93.66000 93.64000 92.90000 91.98000 91.79000 90.98000 90.45000 90.25000
97.16000 97.17000 96.99000 97.04000 96.77000 96.74000 96.65000 96.27000 96.12000 95.98000 95.29000 94.89000 94.57000 94.06000 93.49000 92.85000 92.49000 91.67000 90.99000 90.38000 89.67000
97.16000 97.20000 97.10000 97.01000 96.92000 96.65000 96.71000 96.44000 96.14000 95.75000 95.59000 94.86000 94.79000 94.00000 93.47000 92.85000 92.44000 91.70000 90.64000 90.24000 89.55000
97.16000 97.11000 97.09000 96.98000 97.04000 96.70000 96.63000 96.37000 96.12000 95.61000 95.51000 94.83000 94.42000 94.15000 93.53000 93.05000 92.32000 91.91000 91.13000 90.45000 89.74000
