# epoch | tr.acc. | te.acc. | tr.loss | te.loss
0.00000 86.91667 87.81000 2.65516 2.61922
1.00000 89.41667 89.78000 2.11665 2.08194
2.00000 91.74667 91.76000 1.60872 1.57827
3.00000 93.00167 93.14000 1.31644 1.29518
4.00000 93.73167 93.76000 1.16112 1.15145
5.00000 94.25333 94.16000 1.05388 1.04730
6.00000 94.81000 94.62000 0.97174 0.97116
7.00000 95.24000 94.99000 0.90988 0.92034
8.00000 95.61500 95.18000 0.86202 0.87603
9.00000 95.84500 95.53000 0.82405 0.84543
10.00000 96.08833 95.60000 0.78799 0.81408
11.00000 96.29667 95.83000 0.75737 0.78703
12.00000 96.42833 95.87000 0.73540 0.77102
13.00000 96.57167 95.92000 0.71150 0.75075
14.00000 96.71000 96.09000 0.69253 0.73524
15.00000 96.81500 96.30000 0.67694 0.72350
16.00000 96.95500 96.31000 0.66080 0.71097
17.00000 97.03667 96.53000 0.64899 0.70038
18.00000 97.09167 96.50000 0.63687 0.69301
19.00000 97.21167 96.51000 0.62406 0.68268
20.00000 97.26833 96.62000 0.61331 0.67477
21.00000 97.31667 96.73000 0.60214 0.66655
22.00000 97.36667 96.70000 0.60370 0.66936
23.00000 97.42167 96.71000 0.58952 0.66006
24.00000 97.45333 96.89000 0.58906 0.66152
25.00000 97.54500 96.82000 0.57406 0.65063
26.00000 97.59833 96.87000 0.56631 0.64515
27.00000 97.60833 96.88000 0.56375 0.64488
28.00000 97.66167 96.85000 0.55465 0.63902
29.00000 97.68167 96.89000 0.55044 0.63620
30.00000 97.74667 96.99000 0.54485 0.63296
31.00000 97.76667 96.90000 0.54180 0.63320
32.00000 97.78000 96.99000 0.53604 0.62758
33.00000 97.82500 96.93000 0.52710 0.62188
34.00000 97.86500 97.04000 0.51967 0.61475
35.00000 97.83667 96.97000 0.52320 0.62130
36.00000 97.86500 97.01000 0.52032 0.61933
37.00000 97.95000 97.07000 0.51422 0.61637
38.00000 97.95833 97.02000 0.50821 0.61365
39.00000 97.96167 97.11000 0.50428 0.61206
40.00000 98.02000 97.09000 0.50738 0.61472
41.00000 98.01167 97.14000 0.49997 0.60952
42.00000 98.04000 97.10000 0.50323 0.61453
43.00000 98.05167 97.18000 0.49927 0.61417
44.00000 98.08167 97.21000 0.49041 0.60393
45.00000 98.07667 97.05000 0.48763 0.60729
46.00000 98.07000 97.03000 0.49638 0.61542
47.00000 98.14167 97.11000 0.48170 0.60029
48.00000 98.17000 97.22000 0.47856 0.59844
49.00000 98.15167 97.16000 0.47827 0.59926
