0.00000 0.05000 0.10000 0.15000 0.20000 0.25000 0.30000 0.35000 0.40000 0.45000 0.50000 0.55000 0.60000 0.65000 0.70000 0.75000 0.80000 0.85000 0.90000 0.95000 1.00000
96.82000 96.50000 96.36000 95.81000 95.48000 94.84000 94.37000 93.78000 92.99000 92.72000 91.95000 91.48000 91.53000 90.67000 90.44000 90.18000 89.72000 89.11000 88.81000 88.30000 88.05000
96.82000 96.57000 96.16000 95.83000 95.51000 94.88000 94.39000 93.78000 93.34000 92.82000 92.33000 91.91000 91.08000 90.77000 90.15000 90.02000 89.28000 89.11000 88.48000 88.21000 88.24000
96.82000 96.40000 96.36000 95.87000 95.25000 94.96000 94.43000 93.83000 93.21000 92.81000 92.09000 91.79000 90.97000 90.86000 90.63000 90.01000 89.82000 89.06000 88.40000 88.44000 87.99000
96.82000 96.54000 96.29000 95.80000 95.42000 94.37000 94.52000 93.82000 93.27000 92.73000 92.40000 91.81000 91.34000 90.96000 90.79000 89.61000 89.67000 89.37000 88.66000 88.37000 87.68000
96.82000 96.52000 96.28000 95.67000 95.44000 94.76000 94.40000 94.01000 92.98000 92.71000 91.99000 91.75000 91.42000 90.73000 90.18000 89.73000 88.66000 88.85000 88.95000 88.20000 87.66000
96.82000 96.42000 96.37000 95.78000 95.51000 94.81000 94.43000 93.59000 93.15000 92.76000 92.17000 91.78000 91.04000 90.34000 90.25000 89.95000 89.52000 89.25000 89.16000 88.30000 87.74000
96.82000 96.54000 96.25000 95.85000 95.48000 94.92000 94.27000 94.07000 93.42000 92.68000 92.17000 91.81000 91.10000 90.74000 90.39000 90.15000 88.82000 89.14000 88.06000 87.75000 88.26000
96.82000 96.47000 96.25000 96.02000 95.38000 94.82000 94.11000 93.64000 93.39000 92.96000 92.38000 91.56000 91.03000 90.91000 90.27000 90.36000 89.17000 89.11000 88.49000 88.23000 87.94000
96.82000 96.66000 96.25000 95.79000 95.21000 94.74000 94.23000 93.90000 93.15000 92.64000 92.28000 91.55000 91.15000 90.84000 90.40000 89.61000 89.55000 89.04000 88.43000 88.36000 88.16000
96.82000 96.55000 96.22000 95.73000 95.43000 94.83000 94.22000 93.82000 93.34000 93.01000 92.20000 91.83000 91.52000 90.85000 90.39000 89.84000 89.56000 88.85000 88.76000 88.37000 87.64000
96.82000 96.53000 96.21000 95.85000 95.38000 94.97000 94.42000 93.86000 93.26000 92.77000 92.39000 91.46000 91.50000 90.53000 90.16000 89.96000 89.66000 88.43000 88.37000 88.16000 88.03000
96.82000 96.46000 96.21000 95.97000 95.42000 94.70000 94.55000 93.84000 93.11000 92.87000 92.30000 91.58000 91.42000 90.28000 90.26000 90.11000 89.19000 89.52000 88.80000 88.19000 87.94000
96.82000 96.63000 96.25000 95.84000 95.31000 94.68000 94.31000 93.93000 93.35000 92.57000 92.71000 91.85000 91.29000 90.71000 90.40000 90.07000 89.64000 89.18000 88.91000 88.76000 88.02000
96.82000 96.57000 96.25000 96.00000 95.40000 94.97000 94.41000 93.80000 93.28000 92.89000 92.13000 91.85000 91.05000 90.83000 90.26000 90.09000 89.23000 89.19000 88.63000 88.12000 87.89000
96.82000 96.57000 96.16000 95.85000 95.46000 94.96000 94.37000 94.03000 93.41000 92.79000 92.14000 91.42000 91.07000 90.85000 90.44000 89.90000 89.40000 89.02000 88.72000 88.27000 87.87000
96.82000 96.45000 96.22000 95.79000 95.63000 95.01000 94.35000 93.73000 93.37000 92.60000 92.09000 91.99000 91.43000 90.35000 89.72000 89.98000 89.71000 89.12000 88.33000 88.54000 87.44000
96.82000 96.48000 96.05000 95.87000 95.41000 94.85000 94.22000 93.87000 93.04000 92.58000 91.91000 92.03000 91.64000 90.70000 90.59000 89.85000 89.95000 89.35000 88.82000 88.09000 88.02000
96.82000 96.55000 96.31000 95.81000 95.25000 94.91000 94.37000 93.92000 93.01000 92.48000 92.16000 91.59000 91.15000 90.69000 90.38000 89.40000 89.98000 88.89000 88.47000 88.41000 88.17000
96.82000 96.38000 96.20000 95.91000 95.39000 95.01000 94.34000 93.63000 93.33000 92.87000 92.04000 91.65000 90.91000 90.52000 90.29000 89.80000 89.46000 89.07000 88.77000 88.24000 87.91000
96.82000 96.46000 96.30000 95.61000 95.37000 94.97000 94.17000 94.06000 93.42000 92.79000 92.20000 91.80000 91.33000 90.51000 90.22000 90.22000 89.47000 88.86000 88.26000 88.56000 87.58000
