0.00000 0.05000 0.10000 0.15000 0.20000 0.25000 0.30000 0.35000 0.40000 0.45000 0.50000 0.55000 0.60000 0.65000 0.70000 0.75000 0.80000 0.85000 0.90000 0.95000 1.00000
96.82000 96.76000 96.78000 96.81000 96.69000 96.39000 95.59000 94.15000 92.07000 88.70000 83.73000 77.87000 72.44000 65.25000 59.20000 53.24000 48.11000 43.29000 39.62000 36.44000 33.58000
96.82000 96.77000 96.77000 96.75000 96.72000 96.45000 95.68000 94.19000 92.08000 88.40000 83.73000 78.96000 72.05000 65.31000 58.81000 53.13000 47.82000 42.32000 39.59000 36.32000 34.35000
96.82000 96.75000 96.69000 96.75000 96.76000 96.42000 95.79000 94.43000 91.86000 88.62000 83.91000 78.74000 72.38000 65.49000 59.01000 53.85000 47.64000 43.01000 39.71000 36.62000 34.03000
96.82000 96.86000 96.69000 96.68000 96.73000 96.43000 95.58000 94.19000 92.00000 88.85000 83.91000 77.93000 72.51000 65.59000 59.77000 53.82000 47.87000 43.49000 39.68000 36.41000 34.02000
96.82000 96.69000 96.75000 96.72000 96.59000 96.35000 95.72000 94.37000 91.94000 88.69000 84.27000 78.77000 71.93000 66.29000 59.74000 53.18000 47.67000 42.94000 39.88000 36.53000 33.96000
96.82000 96.76000 96.70000 96.70000 96.72000 96.39000 95.78000 94.42000 91.92000 88.89000 83.27000 78.41000 71.82000 65.24000 59.34000 53.55000 47.95000 43.67000 39.64000 36.56000 33.78000
96.82000 96.78000 96.76000 96.65000 96.63000 96.28000 95.63000 94.28000 91.96000 88.66000 84.44000 78.55000 72.00000 65.73000 58.86000 53.48000 47.68000 43.94000 40.26000 36.67000 34.26000
96.82000 96.72000 96.74000 96.67000 96.69000 96.39000 95.69000 94.38000 92.05000 88.92000 83.61000 78.56000 71.81000 65.24000 58.95000 52.34000 47.66000 43.78000 39.35000 36.45000 33.92000
96.82000 96.82000 96.72000 96.78000 96.67000 96.27000 95.66000 94.56000 92.02000 88.74000 84.04000 78.19000 72.17000 65.58000 59.16000 53.17000 47.73000 43.57000 39.87000 36.98000 33.82000
96.82000 96.79000 96.72000 96.63000 96.57000 96.29000 95.78000 94.34000 91.95000 88.46000 84.36000 78.68000 72.03000 65.39000 59.60000 53.05000 48.27000 43.51000 39.67000 36.34000 34.14000
96.82000 96.75000 96.68000 96.76000 96.60000 96.36000 95.52000 94.30000 92.24000 88.55000 84.06000 78.67000 72.20000 65.09000 59.28000 52.74000 48.42000 43.25000 39.63000 36.70000 33.46000
96.82000 96.79000 96.69000 96.62000 96.62000 96.45000 95.69000 94.36000 92.20000 88.70000 83.78000 78.73000 72.11000 65.36000 58.95000 52.83000 47.98000 43.05000 39.36000 36.29000 34.01000
96.82000 96.71000 96.78000 96.72000 96.61000 96.33000 95.70000 94.47000 92.08000 88.56000 84.67000 78.38000 71.98000 65.37000 59.52000 53.23000 47.94000 43.29000 39.65000 36.63000 34.37000
96.82000 96.74000 96.75000 96.70000 96.58000 96.29000 95.58000 94.38000 92.05000 88.58000 83.91000 78.46000 72.09000 65.52000 59.66000 53.54000 48.11000 42.69000 39.32000 36.22000 33.94000
96.82000 96.72000 96.76000 96.74000 96.69000 96.27000 95.83000 94.76000 91.90000 88.77000 83.91000 78.45000 72.15000 65.31000 59.16000 53.50000 47.39000 43.14000 39.24000 36.14000 34.18000
96.82000 96.83000 96.75000 96.72000 96.56000 96.40000 95.66000 94.38000 92.38000 88.63000 84.22000 78.13000 72.21000 66.23000 59.14000 53.11000 47.85000 43.02000 39.16000 36.54000 34.04000
96.82000 96.83000 96.76000 96.73000 96.65000 96.40000 95.62000 94.45000 92.12000 89.10000 83.97000 78.75000 71.42000 65.58000 59.07000 53.02000 48.07000 43.31000 39.42000 36.19000 33.61000
96.82000 96.70000 96.75000 96.72000 96.65000 96.45000 95.61000 94.44000 92.23000 88.66000 84.25000 78.77000 72.36000 65.45000 58.55000 53.03000 48.35000 43.34000 39.58000 36.33000 33.34000
96.82000 96.80000 96.67000 96.77000 96.63000 96.28000 95.71000 94.44000 92.31000 88.48000 84.36000 78.91000 71.55000 64.73000 59.40000 53.20000 47.36000 43.23000 39.77000 36.47000 34.24000
96.82000 96.78000 96.74000 96.71000 96.61000 96.42000 95.56000 94.38000 91.93000 88.89000 83.64000 78.92000 72.55000 66.24000 59.26000 52.79000 47.72000 43.20000 39.09000 36.35000 33.63000
