0.00000 0.05000 0.10000 0.15000 0.20000 0.25000 0.30000 0.35000 0.40000 0.45000 0.50000 0.55000 0.60000 0.65000 0.70000 0.75000 0.80000 0.85000 0.90000 0.95000 1.00000
93.61000 93.61000 93.72000 93.51000 93.35000 92.99000 92.52000 92.29000 92.01000 91.24000 90.73000 90.22000 89.96000 89.52000 88.61000 88.05000 87.38000 86.86000 86.50000 85.83000 85.27000
93.61000 93.68000 93.63000 93.51000 93.34000 92.85000 92.85000 92.43000 91.80000 91.45000 90.54000 90.21000 89.61000 89.43000 88.47000 87.94000 87.49000 87.29000 86.35000 85.83000 85.49000
93.61000 93.66000 93.68000 93.56000 93.40000 92.90000 92.43000 92.30000 91.89000 91.36000 90.58000 90.33000 89.93000 89.29000 88.67000 88.15000 87.57000 87.12000 86.42000 85.85000 85.50000
93.61000 93.67000 93.63000 93.48000 93.40000 93.07000 92.68000 92.30000 91.70000 91.47000 90.92000 90.28000 89.93000 89.07000 88.46000 87.67000 87.36000 86.80000 86.68000 86.00000 85.48000
93.61000 93.69000 93.67000 93.55000 93.29000 92.83000 92.66000 92.38000 91.56000 91.34000 90.89000 90.39000 89.53000 88.70000 88.49000 88.05000 87.69000 87.01000 86.28000 85.93000 85.64000
93.61000 93.66000 93.66000 93.56000 93.22000 92.91000 92.68000 92.48000 91.84000 91.25000 90.74000 90.16000 89.80000 89.23000 88.84000 87.99000 87.47000 86.97000 86.04000 85.83000 85.23000
93.61000 93.75000 93.71000 93.55000 93.32000 93.03000 92.56000 92.30000 91.79000 91.26000 90.85000 90.41000 89.51000 88.96000 88.67000 88.14000 87.53000 86.52000 86.40000 85.93000 85.56000
93.61000 93.82000 93.73000 93.56000 93.37000 92.99000 92.48000 92.27000 92.01000 91.42000 90.74000 90.39000 89.42000 89.18000 88.44000 88.03000 87.36000 86.72000 86.08000 85.91000 85.64000
93.61000 93.60000 93.67000 93.44000 93.38000 92.96000 92.67000 92.37000 91.77000 91.32000 91.01000 90.29000 89.63000 89.09000 88.38000 87.84000 87.51000 86.77000 86.71000 85.70000 85.12000
93.61000 93.77000 93.63000 93.45000 93.43000 93.18000 92.57000 92.36000 91.83000 91.34000 91.03000 90.08000 89.87000 89.06000 88.65000 87.71000 87.09000 87.15000 86.20000 85.78000 85.41000
93.61000 93.66000 93.58000 93.50000 93.30000 92.99000 92.53000 92.29000 91.82000 91.32000 90.95000 90.22000 89.95000 88.98000 88.83000 87.69000 87.18000 87.04000 86.41000 85.91000 85.15000
93.61000 93.73000 93.81000 93.46000 93.25000 93.07000 92.52000 92.16000 91.54000 91.39000 91.03000 90.26000 89.80000 89.07000 88.66000 87.94000 87.34000 86.58000 86.63000 85.87000 85.20000
93.61000 93.63000 93.68000 93.53000 93.22000 92.96000 92.64000 92.30000 91.74000 91.49000 90.59000 90.53000 89.75000 89.20000 88.55000 88.04000 87.42000 86.66000 86.55000 85.70000 85.43000
93.61000 93.77000 93.62000 93.47000 93.27000 93.11000 92.28000 92.29000 91.69000 91.41000 90.78000 90.19000 89.80000 89.13000 88.37000 87.83000 87.48000 86.88000 86.19000 85.95000 85.31000
93.61000 93.60000 93.64000 93.55000 93.17000 92.91000 92.45000 92.26000 91.79000 91.03000 91.08000 90.29000 89.88000 89.14000 88.46000 88.08000 87.25000 86.80000 86.33000 85.63000 85.32000
93.61000 93.62000 93.68000 93.42000 93.16000 92.89000 92.73000 92.18000 91.81000 91.00000 90.83000 90.33000 89.84000 89.10000 88.84000 87.77000 87.39000 86.84000 86.40000 85.89000 85.41000
93.61000 93.72000 93.52000 93.46000 93.18000 92.91000 92.88000 92.19000 91.86000 91.34000 90.76000 90.30000 89.49000 89.45000 88.33000 87.84000 87.28000 86.76000 86.21000 85.79000 85.39000
93.61000 93.58000 93.54000 93.47000 93.29000 92.83000 92.48000 92.27000 92.15000 91.36000 90.58000 90.42000 89.62000 89.33000 88.66000 87.68000 87.51000 86.88000 86.30000 85.75000 85.50000
93.61000 93.66000 93.77000 93.50000 93.36000 92.94000 92.61000 92.35000 91.82000 91.50000 90.94000 90.12000 89.80000 89.16000 88.51000 88.08000 87.53000 86.89000 86.24000 85.85000 85.29000
93.61000 93.65000 93.73000 93.58000 93.28000 92.94000 92.65000 92.26000 91.59000 91.28000 90.81000 90.23000 89.70000 88.94000 88.95000 87.86000 87.33000 87.14000 86.32000 85.79000 85.55000
