# epoch | tr.acc. | te.acc. | tr.loss | te.loss
0.00000 85.13500 86.05000 2.83630 2.79843
1.00000 87.78667 88.12000 2.39170 2.35625
2.00000 89.46167 89.56000 2.09921 2.07131
3.00000 90.52833 90.59000 1.86825 1.84437
4.00000 91.17333 91.24000 1.69175 1.67067
5.00000 91.64333 91.75000 1.56416 1.54567
6.00000 92.04667 92.09000 1.46276 1.43993
7.00000 92.31500 92.35000 1.38905 1.36592
8.00000 92.55667 92.66000 1.32543 1.30588
9.00000 92.69167 92.72000 1.27656 1.26035
10.00000 92.84667 92.86000 1.23459 1.21452
11.00000 93.00833 92.97000 1.20448 1.18890
12.00000 93.05667 92.99000 1.17173 1.15839
13.00000 93.14833 92.98000 1.14405 1.13281
14.00000 93.23167 93.15000 1.11903 1.10935
15.00000 93.28833 93.20000 1.10247 1.09459
16.00000 93.33667 93.13000 1.08048 1.07519
17.00000 93.31500 93.34000 1.06487 1.06171
18.00000 93.40167 93.27000 1.04920 1.04855
19.00000 93.35000 93.29000 1.03551 1.03292
20.00000 93.42333 93.23000 1.02042 1.02235
21.00000 93.50833 93.33000 1.00794 1.01336
22.00000 93.53000 93.33000 0.99924 1.00523
23.00000 93.53000 93.23000 0.98592 0.99454
24.00000 93.55167 93.24000 0.97720 0.98756
25.00000 93.56000 93.31000 0.96924 0.98057
26.00000 93.58500 93.19000 0.95994 0.97290
27.00000 93.64000 93.34000 0.95351 0.96775
28.00000 93.63833 93.23000 0.94517 0.96441
29.00000 93.70500 93.33000 0.93991 0.95839
30.00000 93.68333 93.35000 0.93166 0.94987
31.00000 93.67833 93.26000 0.92581 0.94782
32.00000 93.77500 93.26000 0.92050 0.94421
33.00000 93.83000 93.39000 0.91480 0.93502
34.00000 93.86333 93.40000 0.90988 0.93549
35.00000 93.76833 93.32000 0.90362 0.92758
36.00000 93.83833 93.44000 0.90340 0.93060
37.00000 93.83500 93.33000 0.89289 0.92124
38.00000 93.84000 93.37000 0.88879 0.91752
39.00000 93.81167 93.45000 0.88617 0.91769
40.00000 93.91167 93.45000 0.88398 0.91544
41.00000 93.94167 93.32000 0.87664 0.91046
42.00000 94.00500 93.46000 0.87429 0.90863
43.00000 93.97833 93.52000 0.87158 0.90479
44.00000 93.92667 93.43000 0.86651 0.90280
45.00000 94.00833 93.48000 0.86179 0.90147
46.00000 93.97000 93.39000 0.86014 0.89953
47.00000 94.00167 93.53000 0.85579 0.89643
48.00000 94.01500 93.48000 0.86090 0.90054
49.00000 94.06833 93.61000 0.85104 0.89376
