0.00000 0.05000 0.10000 0.15000 0.20000 0.25000 0.30000 0.35000 0.40000 0.45000 0.50000 0.55000 0.60000 0.65000 0.70000 0.75000 0.80000 0.85000 0.90000 0.95000 1.00000
96.67000 96.57000 96.21000 96.05000 95.67000 95.54000 95.32000 94.76000 94.37000 94.01000 93.62000 93.44000 93.00000 92.20000 91.61000 91.99000 91.06000 91.00000 90.26000 90.04000 89.64000
96.67000 96.44000 96.36000 96.10000 95.69000 95.47000 95.14000 94.85000 94.42000 94.28000 93.34000 93.19000 92.65000 92.35000 92.31000 91.87000 91.32000 90.77000 90.73000 90.02000 89.21000
96.67000 96.42000 96.36000 96.16000 95.98000 95.35000 95.36000 94.68000 94.31000 94.21000 93.96000 93.65000 92.61000 92.19000 91.39000 91.32000 91.09000 90.95000 90.72000 90.30000 90.02000
96.67000 96.67000 96.42000 95.99000 95.81000 95.46000 94.98000 94.64000 94.31000 94.16000 93.61000 93.26000 92.50000 92.61000 92.03000 90.98000 91.31000 90.95000 90.03000 90.13000 89.62000
96.67000 96.51000 96.22000 95.93000 95.96000 95.28000 94.97000 94.68000 94.45000 94.14000 93.83000 93.25000 92.99000 92.57000 92.22000 91.55000 91.08000 90.96000 90.44000 90.30000 89.50000
96.67000 96.52000 96.31000 96.02000 95.86000 95.72000 95.24000 94.90000 94.33000 93.72000 93.54000 93.18000 92.69000 92.52000 92.06000 91.57000 91.68000 90.34000 90.56000 90.08000 89.66000
96.67000 96.44000 96.32000 96.12000 95.66000 95.39000 95.24000 94.71000 94.26000 93.50000 93.40000 93.04000 92.79000 92.60000 91.97000 91.35000 90.97000 91.21000 90.40000 90.50000 89.75000
96.67000 96.42000 96.36000 96.20000 95.84000 95.40000 95.36000 94.70000 94.27000 93.93000 93.54000 93.15000 92.74000 92.31000 91.97000 91.73000 90.84000 91.10000 90.32000 89.93000 89.82000
96.67000 96.45000 96.19000 96.08000 95.93000 95.28000 95.25000 94.85000 94.25000 94.03000 93.64000 93.22000 92.94000 92.69000 92.17000 91.33000 91.42000 91.10000 90.68000 90.81000 89.49000
96.67000 96.45000 96.24000 96.01000 95.75000 95.39000 95.16000 94.76000 94.31000 94.00000 93.55000 93.31000 92.81000 92.24000 92.02000 91.22000 91.58000 90.74000 90.64000 90.39000 89.44000
96.67000 96.55000 96.35000 96.11000 95.90000 95.38000 95.25000 94.87000 93.88000 93.74000 93.74000 93.19000 92.71000 92.51000 92.08000 91.47000 91.47000 91.02000 90.47000 90.04000 89.92000
96.67000 96.42000 96.39000 96.09000 95.83000 95.46000 95.24000 94.55000 94.30000 93.89000 93.30000 93.19000 92.77000 92.42000 91.62000 91.56000 91.57000 91.10000 90.48000 90.05000 90.09000
96.67000 96.60000 96.23000 96.24000 95.83000 95.49000 95.02000 94.68000 94.34000 93.87000 93.50000 93.22000 92.59000 92.16000 91.97000 91.44000 91.45000 90.75000 90.74000 90.19000 89.97000
96.67000 96.53000 96.33000 96.11000 95.83000 95.44000 95.36000 94.73000 94.28000 94.16000 93.53000 93.13000 93.06000 92.54000 91.99000 91.62000 91.16000 90.89000 90.36000 89.95000 89.70000
96.67000 96.55000 96.24000 96.01000 95.81000 95.32000 95.13000 94.90000 94.28000 94.19000 93.61000 93.23000 92.76000 92.14000 92.16000 91.50000 91.17000 90.84000 90.64000 90.45000 89.84000
96.67000 96.53000 96.22000 96.25000 95.74000 95.48000 95.38000 94.72000 94.18000 93.84000 93.58000 92.77000 92.51000 92.26000 91.77000 91.76000 91.39000 91.05000 90.24000 90.16000 90.16000
96.67000 96.51000 96.23000 96.11000 95.97000 95.58000 94.96000 94.90000 94.66000 93.96000 93.81000 92.85000 92.97000 92.69000 91.65000 91.43000 91.05000 90.84000 90.81000 90.20000 89.91000
96.67000 96.56000 96.21000 96.14000 95.71000 95.58000 94.93000 94.66000 94.26000 94.18000 93.53000 92.96000 92.86000 92.29000 91.76000 91.42000 91.11000 90.82000 90.54000 90.20000 89.55000
96.67000 96.52000 96.33000 96.13000 95.76000 95.46000 95.25000 94.75000 94.51000 94.05000 93.57000 93.07000 93.01000 91.95000 91.88000 91.74000 91.75000 91.04000 90.36000 90.00000 89.89000
96.67000 96.41000 96.23000 96.03000 95.79000 95.28000 94.88000 94.77000 94.43000 93.96000 93.79000 93.25000 92.94000 92.47000 92.07000 91.68000 91.02000 90.85000 90.24000 90.24000 90.17000
