0.00000 0.05000 0.10000 0.15000 0.20000 0.25000 0.30000 0.35000 0.40000 0.45000 0.50000 0.55000 0.60000 0.65000 0.70000 0.75000 0.80000 0.85000 0.90000 0.95000 1.00000
96.67000 96.59000 96.63000 96.55000 96.53000 96.31000 95.90000 94.86000 93.05000 90.06000 86.11000 81.08000 75.72000 68.56000 61.15000 55.87000 50.03000 44.07000 39.65000 36.19000 32.37000
96.67000 96.55000 96.56000 96.57000 96.49000 96.12000 95.93000 95.03000 93.22000 90.76000 85.84000 81.16000 75.15000 68.87000 61.70000 55.55000 50.13000 44.28000 39.67000 35.20000 32.30000
96.67000 96.57000 96.57000 96.59000 96.47000 96.28000 95.61000 94.89000 93.00000 89.88000 86.14000 81.44000 75.22000 68.69000 62.28000 55.85000 49.82000 44.27000 40.32000 35.72000 32.03000
96.67000 96.62000 96.51000 96.53000 96.50000 96.47000 95.73000 94.72000 93.25000 90.17000 85.97000 81.28000 74.93000 68.79000 61.98000 55.86000 50.12000 45.05000 39.69000 35.92000 32.37000
96.67000 96.69000 96.59000 96.66000 96.51000 96.33000 95.78000 94.90000 93.06000 90.34000 86.18000 81.58000 74.92000 68.87000 62.97000 55.44000 50.42000 44.75000 40.05000 35.61000 32.48000
96.67000 96.57000 96.55000 96.51000 96.46000 96.18000 95.91000 94.90000 92.85000 90.41000 86.54000 80.83000 74.58000 68.12000 61.71000 55.97000 49.32000 44.58000 40.35000 35.65000 32.32000
96.67000 96.66000 96.61000 96.60000 96.60000 96.24000 95.98000 94.84000 92.81000 89.96000 86.14000 81.20000 75.21000 68.04000 61.31000 55.95000 49.79000 43.67000 39.94000 35.55000 32.62000
96.67000 96.63000 96.62000 96.54000 96.55000 96.34000 95.84000 95.01000 92.97000 90.08000 86.02000 80.82000 75.74000 68.16000 61.93000 55.63000 49.98000 44.19000 39.14000 35.87000 32.55000
96.67000 96.60000 96.59000 96.61000 96.48000 96.26000 95.82000 94.99000 93.04000 90.11000 86.07000 81.26000 74.98000 68.15000 62.20000 56.04000 50.14000 44.32000 40.26000 35.56000 32.04000
96.67000 96.63000 96.53000 96.63000 96.62000 96.38000 95.86000 94.77000 93.32000 90.23000 86.31000 81.04000 75.30000 68.92000 61.75000 55.61000 49.60000 44.15000 39.48000 36.26000 32.54000
96.67000 96.69000 96.58000 96.61000 96.46000 96.22000 95.72000 94.64000 93.10000 90.27000 85.89000 80.69000 75.25000 68.57000 61.82000 55.77000 49.73000 44.68000 39.16000 36.03000 31.89000
96.67000 96.60000 96.57000 96.56000 96.57000 96.24000 95.91000 94.95000 92.94000 90.31000 86.51000 80.78000 74.95000 68.41000 61.98000 55.23000 49.82000 43.95000 39.48000 35.82000 32.25000
96.67000 96.60000 96.53000 96.59000 96.51000 96.36000 95.87000 94.79000 92.99000 90.16000 86.11000 81.26000 74.89000 67.87000 61.92000 55.68000 49.87000 44.79000 40.21000 35.43000 32.31000
96.67000 96.54000 96.53000 96.66000 96.55000 96.43000 95.87000 95.06000 93.01000 90.38000 86.08000 80.84000 74.69000 68.27000 61.31000 55.61000 49.55000 44.51000 40.03000 35.55000 32.21000
96.67000 96.61000 96.56000 96.59000 96.52000 96.25000 95.87000 94.96000 93.43000 90.48000 86.23000 80.91000 75.03000 68.15000 61.50000 55.56000 49.88000 44.48000 40.07000 35.97000 32.51000
96.67000 96.68000 96.50000 96.60000 96.53000 96.22000 95.75000 94.95000 93.25000 90.00000 86.33000 80.90000 75.88000 68.76000 61.80000 56.14000 49.64000 43.81000 39.68000 35.71000 32.90000
96.67000 96.64000 96.63000 96.61000 96.56000 96.39000 95.95000 94.68000 92.98000 89.97000 86.32000 80.62000 75.01000 68.13000 61.88000 56.03000 49.92000 43.96000 39.77000 35.69000 32.49000
96.67000 96.63000 96.67000 96.55000 96.56000 96.35000 95.78000 94.88000 93.27000 89.94000 86.14000 80.82000 75.32000 68.49000 61.89000 55.34000 49.82000 44.78000 39.89000 36.11000 33.41000
96.67000 96.62000 96.58000 96.59000 96.58000 96.25000 95.85000 94.73000 92.97000 90.16000 86.39000 81.03000 75.01000 68.43000 62.85000 55.75000 50.06000 44.06000 39.39000 36.19000 31.88000
96.67000 96.64000 96.59000 96.67000 96.50000 96.18000 95.77000 95.00000 92.75000 90.01000 86.31000 81.12000 75.06000 69.10000 62.20000 55.65000 49.53000 44.28000 39.97000 36.11000 32.81000
