# epoch | tr.acc. | te.acc. | tr.loss | te.loss
0.00000 93.29500 93.22000 1.32757 1.30746
1.00000 94.84333 94.79000 0.97649 0.97720
2.00000 95.74167 95.32000 0.83009 0.85418
3.00000 96.31333 95.66000 0.74656 0.79120
4.00000 96.66833 96.01000 0.68276 0.73492
5.00000 96.93500 96.22000 0.63998 0.70190
6.00000 97.18167 96.31000 0.60127 0.67501
7.00000 97.42833 96.34000 0.57792 0.66135
8.00000 97.57167 96.46000 0.55778 0.65470
9.00000 97.70667 96.77000 0.53047 0.63065
10.00000 97.87167 96.80000 0.50888 0.61724
11.00000 97.88667 96.80000 0.50597 0.62269
12.00000 97.99167 96.81000 0.48175 0.60747
13.00000 98.08833 96.71000 0.46649 0.59830
14.00000 98.20333 96.78000 0.45917 0.59817
15.00000 98.28833 96.90000 0.44906 0.59849
16.00000 98.40167 96.87000 0.44549 0.59476
17.00000 98.40333 96.87000 0.43110 0.58399
18.00000 98.47667 96.85000 0.42738 0.58961
19.00000 98.48000 96.87000 0.42262 0.58979
20.00000 98.52833 96.89000 0.41390 0.58049
21.00000 98.62833 96.88000 0.40051 0.57992
22.00000 98.60500 96.93000 0.40284 0.58198
23.00000 98.65667 96.91000 0.39629 0.58562
24.00000 98.71333 96.84000 0.39025 0.57838
25.00000 98.69167 96.78000 0.39352 0.59003
26.00000 98.70667 96.82000 0.38338 0.58229
27.00000 98.76000 96.83000 0.37985 0.58287
28.00000 98.78667 96.88000 0.37170 0.57970
29.00000 98.74167 96.73000 0.37561 0.59029
30.00000 98.81500 96.90000 0.36628 0.57588
31.00000 98.76667 96.67000 0.37656 0.59664
32.00000 98.81500 96.75000 0.36534 0.58531
33.00000 98.83833 96.85000 0.36150 0.58594
34.00000 98.90333 96.99000 0.35792 0.58444
35.00000 98.87667 96.78000 0.35088 0.58044
36.00000 98.88000 96.86000 0.34772 0.57757
37.00000 98.95000 96.88000 0.34839 0.58456
38.00000 98.94167 96.85000 0.34670 0.58852
39.00000 98.96333 96.70000 0.34282 0.58817
40.00000 98.92333 96.65000 0.33820 0.58716
41.00000 99.02667 96.86000 0.33871 0.58776
42.00000 98.96667 96.61000 0.34321 0.59519
43.00000 99.01167 96.70000 0.33188 0.58401
44.00000 99.01667 96.71000 0.33243 0.59023
45.00000 99.03667 96.71000 0.32900 0.58712
46.00000 99.07167 96.68000 0.33304 0.59928
47.00000 99.03833 96.69000 0.32735 0.59662
48.00000 99.02333 96.61000 0.32948 0.59841
49.00000 99.10500 96.67000 0.32817 0.60348
